"","STNID","NAME","CTRY","COUNTRY_NAME","ISO2C","ISO3C","STATE","LATITUDE","LONGITUDE","ELEVATION","BEGIN","END","YEARMODA","YEAR","MONTH","DAY","YDAY","TEMP","TEMP_ATTRIBUTES","DEWP","DEWP_ATTRIBUTES","SLP","SLP_ATTRIBUTES","STP","STP_ATTRIBUTES","VISIB","VISIB_ATTRIBUTES","WDSP","WDSP_ATTRIBUTES","MXSPD","GUST","MAX","MAX_ATTRIBUTES","MIN","MIN_ATTRIBUTES","PRCP","PRCP_ATTRIBUTES","SNDP","I_FOG","I_RAIN_DRIZZLE","I_SNOW_ICE","I_HAIL","I_THUNDER","I_TORNADO_FUNNEL","EA","ES","RH"
"1","105130-99999","KOLN BONN","GM","GERMANY","DE","DEU","",50.866,7.143,92.04,19310101,20240909,2024-01-01,2024,1,1,1,8.1,24,3.4,24,NA,0,NA,0,10,24,5.9,24,8.8,13.9,9,"*",7,"*",NA,NA,NA,0,1,0,0,0,0,0.8,1.1,72.2
"2","105130-99999","KOLN BONN","GM","GERMANY","DE","DEU","",50.866,7.143,92.04,19310101,20240909,2024-01-02,2024,1,2,2,9.8,24,7.3,24,NA,0,NA,0,10,24,6.2,24,10.8,16.5,12,"*",7,"*",NA,NA,NA,0,1,0,0,0,0,1,1.2,84.4
"3","105130-99999","KOLN BONN","GM","GERMANY","DE","DEU","",50.866,7.143,92.04,19310101,20240909,2024-01-03,2024,1,3,3,10.3,24,5.9,24,NA,0,NA,0,10,24,7.1,24,11.8,17.5,13,"*",8,"*",NA,NA,NA,0,1,0,0,0,0,0.9,1.3,74.2
"4","105130-99999","KOLN BONN","GM","GERMANY","DE","DEU","",50.866,7.143,92.04,19310101,20240909,2024-01-04,2024,1,4,4,7.9,24,5.3,24,NA,0,NA,0,10,24,5.5,24,9.3,NA,9,"*",5,"*",NA,NA,NA,0,1,0,0,0,0,0.9,1.1,83.6
"5","105130-99999","KOLN BONN","GM","GERMANY","DE","DEU","",50.866,7.143,92.04,19310101,20240909,2024-01-05,2024,1,5,5,8.3,24,3.4,24,NA,0,NA,0,10,24,5.5,24,8.8,12.4,9,"*",7,"*",0,"I",NA,0,0,0,0,0,0,0.8,1.1,71.3
"6","105130-99999","KOLN BONN","GM","GERMANY","DE","DEU","",50.866,7.143,92.04,19310101,20240909,2024-01-06,2024,1,6,6,4.2,24,3.6,24,NA,0,NA,0,8.2,24,3.2,24,6.2,NA,7,"*",2,"*",NA,NA,NA,0,1,0,0,0,0,0.8,0.8,95.9
"7","105130-99999","KOLN BONN","GM","GERMANY","DE","DEU","",50.866,7.143,92.04,19310101,20240909,2024-01-07,2024,1,7,7,0.9,24,-2.1,24,NA,0,NA,0,10,24,4.3,24,8.2,NA,2,"*",-1,"*",NA,NA,NA,0,1,0,0,0,0,0.5,0.7,80.4
"8","105130-99999","KOLN BONN","GM","GERMANY","DE","DEU","",50.866,7.143,92.04,19310101,20240909,2024-01-08,2024,1,8,8,-2.2,24,-8.5,24,NA,0,NA,0,9.8,24,4.1,24,7.2,NA,0,"*",-6,"*",NA,NA,NA,0,0,1,0,0,0,0.3,0.5,62
"9","105130-99999","KOLN BONN","GM","GERMANY","DE","DEU","",50.866,7.143,92.04,19310101,20240909,2024-01-09,2024,1,9,9,-4.4,24,-11.6,24,NA,0,NA,0,10,24,1.5,24,4.6,NA,3,"*",-10,"*",0,"I",NA,0,0,0,0,0,0,0.3,0.4,57.2
"10","105130-99999","KOLN BONN","GM","GERMANY","DE","DEU","",50.866,7.143,92.04,19310101,20240909,2024-01-10,2024,1,10,10,-5.6,24,-10.1,24,NA,0,NA,0,10,24,1.6,24,3.6,NA,0,"*",-9,"*",0,"I",NA,0,0,0,0,0,0,0.3,0.4,70.6
"11","105130-99999","KOLN BONN","GM","GERMANY","DE","DEU","",50.866,7.143,92.04,19310101,20240909,2024-01-11,2024,1,11,11,-4.8,24,-7.6,24,NA,0,NA,0,10,24,1.5,24,3.6,NA,0,"*",-10,"*",0,"I",NA,0,0,0,0,0,0,0.3,0.4,80.7
"12","105130-99999","KOLN BONN","GM","GERMANY","DE","DEU","",50.866,7.143,92.04,19310101,20240909,2024-01-12,2024,1,12,12,-0.5,24,-1.1,24,NA,0,NA,0,5.1,24,1.3,24,2.6,NA,0,"*",-2,"*",NA,NA,NA,0,1,1,0,0,0,0.6,0.6,95.7
"13","105130-99999","KOLN BONN","GM","GERMANY","DE","DEU","",50.866,7.143,92.04,19310101,20240909,2024-01-13,2024,1,13,13,1.2,24,0.1,24,NA,0,NA,0,7.9,24,3.3,24,6.2,NA,2,"*",0,"*",NA,NA,NA,0,1,1,0,0,0,0.6,0.7,92.4
"14","105130-99999","KOLN BONN","GM","GERMANY","DE","DEU","",50.866,7.143,92.04,19310101,20240909,2024-01-14,2024,1,14,14,0.9,24,-0.4,24,NA,0,NA,0,9,24,3.2,24,7.2,NA,2,"*",0,"*",NA,NA,NA,0,1,1,0,0,0,0.6,0.7,91
"15","105130-99999","KOLN BONN","GM","GERMANY","DE","DEU","",50.866,7.143,92.04,19310101,20240909,2024-01-15,2024,1,15,15,1.1,24,-0.4,24,NA,0,NA,0,9.2,24,6.3,24,8.8,NA,2,"*",0,"*",NA,NA,NA,0,1,1,0,0,0,0.6,0.7,89.7
"16","105130-99999","KOLN BONN","GM","GERMANY","DE","DEU","",50.866,7.143,92.04,19310101,20240909,2024-01-16,2024,1,16,16,-0.3,24,-3.9,24,NA,0,NA,0,10,24,4.3,24,7.7,NA,1,"*",-4,"*",NA,NA,NA,0,0,1,0,0,0,0.5,0.6,76.7
"17","105130-99999","KOLN BONN","GM","GERMANY","DE","DEU","",50.866,7.143,92.04,19310101,20240909,2024-01-17,2024,1,17,17,-2.2,24,-4.1,24,NA,0,NA,0,6.6,24,2.2,24,4.1,NA,-1,"*",-5,"*",NA,NA,NA,0,0,1,0,0,0,0.5,0.5,86.8
"18","105130-99999","KOLN BONN","GM","GERMANY","DE","DEU","",50.866,7.143,92.04,19310101,20240909,2024-01-18,2024,1,18,18,-1.9,24,-2.9,24,NA,0,NA,0,6.6,24,1.5,24,3.1,NA,-1,"*",-3,"*",NA,NA,NA,0,0,1,0,0,0,0.5,0.5,92.9
"19","105130-99999","KOLN BONN","GM","GERMANY","DE","DEU","",50.866,7.143,92.04,19310101,20240909,2024-01-19,2024,1,19,19,-1.8,24,-3.3,24,NA,0,NA,0,7.6,24,1.8,24,3.6,NA,2,"*",-5,"*",0,"I",NA,1,0,0,0,0,0,0.5,0.5,89.5
"20","105130-99999","KOLN BONN","GM","GERMANY","DE","DEU","",50.866,7.143,92.04,19310101,20240909,2024-01-20,2024,1,20,20,-3.8,24,-6.8,24,NA,0,NA,0,10,24,2.6,24,5.7,NA,0,"*",-9,"*",0,"I",NA,0,0,0,0,0,0,0.4,0.5,79.7
"21","105130-99999","KOLN BONN","GM","GERMANY","DE","DEU","",50.866,7.143,92.04,19310101,20240909,2024-01-21,2024,1,21,21,1.1,24,-3.6,24,NA,0,NA,0,10,24,5.6,24,8.2,12.9,7,"*",-2,"*",0,"I",NA,0,0,0,0,0,0,0.5,0.7,70.9
"22","105130-99999","KOLN BONN","GM","GERMANY","DE","DEU","",50.866,7.143,92.04,19310101,20240909,2024-01-22,2024,1,22,22,9.4,24,4.9,24,NA,0,NA,0,10,24,7.5,24,11.3,14.9,12,"*",7,"*",NA,NA,NA,0,1,0,0,0,0,0.9,1.2,73.5
"23","105130-99999","KOLN BONN","GM","GERMANY","DE","DEU","",50.866,7.143,92.04,19310101,20240909,2024-01-23,2024,1,23,23,7.9,24,3.8,24,NA,0,NA,0,10,24,6.3,24,10.3,17,12,"*",6,"*",NA,NA,NA,0,1,0,0,0,0,0.8,1.1,75.3
"24","105130-99999","KOLN BONN","GM","GERMANY","DE","DEU","",50.866,7.143,92.04,19310101,20240909,2024-01-24,2024,1,24,24,11.5,24,6.2,24,NA,0,NA,0,10,24,9.2,24,15.4,20.6,14,"*",8,"*",NA,NA,NA,0,1,0,0,0,0,0.9,1.4,69.9
"25","105130-99999","KOLN BONN","GM","GERMANY","DE","DEU","",50.866,7.143,92.04,19310101,20240909,2024-01-25,2024,1,25,25,7.7,24,5.1,24,NA,0,NA,0,9.2,24,2.6,24,6.2,NA,10,"*",3,"*",NA,NA,NA,0,1,0,0,0,0,0.9,1,83.6
"26","105130-99999","KOLN BONN","GM","GERMANY","DE","DEU","",50.866,7.143,92.04,19310101,20240909,2024-01-26,2024,1,26,26,8.2,24,5.2,24,NA,0,NA,0,10,24,5.7,24,13.4,18.5,12,"*",3,"*",NA,NA,NA,0,1,0,0,0,0,0.9,1.1,81.4
"27","105130-99999","KOLN BONN","GM","GERMANY","DE","DEU","",50.866,7.143,92.04,19310101,20240909,2024-01-27,2024,1,27,27,3.2,24,-0.7,24,NA,0,NA,0,10,24,1.5,24,3.6,NA,9,"*",-2,"*",0,"I",NA,0,0,0,0,0,0,0.6,0.8,75.6
"28","105130-99999","KOLN BONN","GM","GERMANY","DE","DEU","",50.866,7.143,92.04,19310101,20240909,2024-01-28,2024,1,28,28,5.9,24,-1.4,24,NA,0,NA,0,10,24,4.3,24,6.2,10.3,11,"*",1,"*",0,"I",NA,0,0,0,0,0,0,0.6,0.9,59.5
"29","105130-99999","KOLN BONN","GM","GERMANY","DE","DEU","",50.866,7.143,92.04,19310101,20240909,2024-01-29,2024,1,29,29,8.7,24,2.7,24,NA,0,NA,0,10,24,3.8,24,5.1,NA,13,"*",5,"*",0,"I",NA,0,0,0,0,0,0,0.7,1.1,66
"30","105130-99999","KOLN BONN","GM","GERMANY","DE","DEU","",50.866,7.143,92.04,19310101,20240909,2024-01-30,2024,1,30,30,8.9,24,5.1,24,NA,0,NA,0,10,24,3.7,24,6.2,NA,12,"*",7,"*",0,"I",NA,0,0,0,0,0,0,0.9,1.1,77.1
"31","105130-99999","KOLN BONN","GM","GERMANY","DE","DEU","",50.866,7.143,92.04,19310101,20240909,2024-01-31,2024,1,31,31,5.9,24,2.9,24,NA,0,NA,0,9.5,24,2.5,24,4.1,NA,8,"*",2,"*",NA,NA,NA,0,1,0,0,0,0,0.8,0.9,81.1
"32","105130-99999","KOLN BONN","GM","GERMANY","DE","DEU","",50.866,7.143,92.04,19310101,20240909,2024-02-01,2024,2,1,32,6.6,24,3.5,24,NA,0,NA,0,9.7,24,4,24,6.7,NA,9,"*",2,"*",NA,NA,NA,0,1,0,0,0,0,0.8,1,80.6
"33","105130-99999","KOLN BONN","GM","GERMANY","DE","DEU","",50.866,7.143,92.04,19310101,20240909,2024-02-02,2024,2,2,33,6.9,24,2.7,24,NA,0,NA,0,9.8,24,4.1,24,8.2,NA,11,"*",3,"*",NA,NA,NA,0,1,0,0,0,0,0.7,1,74.6
"34","105130-99999","KOLN BONN","GM","GERMANY","DE","DEU","",50.866,7.143,92.04,19310101,20240909,2024-02-03,2024,2,3,34,9.6,24,8.1,24,NA,0,NA,0,9.3,24,6,24,8.8,NA,11,"*",8,"*",NA,NA,NA,0,1,0,0,0,0,1.1,1.2,90.4
"35","105130-99999","KOLN BONN","GM","GERMANY","DE","DEU","",50.866,7.143,92.04,19310101,20240909,2024-02-04,2024,2,4,35,10.3,24,8.9,24,NA,0,NA,0,8.9,24,7.5,24,10.8,15.4,11,"*",9,"*",NA,NA,NA,0,1,0,0,0,0,1.1,1.3,91
"36","105130-99999","KOLN BONN","GM","GERMANY","DE","DEU","",50.866,7.143,92.04,19310101,20240909,2024-02-05,2024,2,5,36,10.6,24,5.9,24,NA,0,NA,0,10,24,5.8,24,9.8,14.4,14,"*",8,"*",NA,NA,NA,0,1,0,0,0,0,0.9,1.3,72.7
"37","105130-99999","KOLN BONN","GM","GERMANY","DE","DEU","",50.866,7.143,92.04,19310101,20240909,2024-02-06,2024,2,6,37,10.7,24,5.7,24,NA,0,NA,0,10,24,7.4,24,10.8,17,12,"*",9,"*",0,"I",NA,0,0,0,0,0,0,0.9,1.3,71.2
"38","105130-99999","KOLN BONN","GM","GERMANY","DE","DEU","",50.866,7.143,92.04,19310101,20240909,2024-02-07,2024,2,7,38,5.8,24,4.3,24,NA,0,NA,0,9.7,24,3.7,24,9.3,NA,11,"*",3,"*",NA,NA,NA,0,1,0,0,0,0,0.8,0.9,90.1
"39","105130-99999","KOLN BONN","GM","GERMANY","DE","DEU","",50.866,7.143,92.04,19310101,20240909,2024-02-08,2024,2,8,39,6.2,24,5.7,24,NA,0,NA,0,9.2,24,2.6,24,5.1,NA,11,"*",3,"*",NA,NA,NA,0,1,0,0,0,0,0.9,0.9,96.6
"40","105130-99999","KOLN BONN","GM","GERMANY","DE","DEU","",50.866,7.143,92.04,19310101,20240909,2024-02-09,2024,2,9,40,11,24,8.7,24,NA,0,NA,0,10,24,4.5,24,6.2,NA,13,"*",9,"*",NA,NA,NA,0,1,0,0,0,0,1.1,1.3,85.7
"41","105130-99999","KOLN BONN","GM","GERMANY","DE","DEU","",50.866,7.143,92.04,19310101,20240909,2024-02-10,2024,2,10,41,10.2,24,8.7,24,NA,0,NA,0,9.8,24,2.6,24,4.6,NA,13,"*",8,"*",NA,NA,NA,0,1,0,0,0,0,1.1,1.2,90.4
"42","105130-99999","KOLN BONN","GM","GERMANY","DE","DEU","",50.866,7.143,92.04,19310101,20240909,2024-02-11,2024,2,11,42,9.1,24,6.8,24,NA,0,NA,0,10,24,2.7,24,6.2,NA,11,"*",7,"*",NA,NA,NA,0,1,0,0,0,0,1,1.2,85.5
"43","105130-99999","KOLN BONN","GM","GERMANY","DE","DEU","",50.866,7.143,92.04,19310101,20240909,2024-02-12,2024,2,12,43,7.3,24,4.7,24,NA,0,NA,0,10,24,3.3,24,6.7,NA,10,"*",3,"*",NA,NA,NA,0,1,0,0,0,0,0.9,1,83.6
"44","105130-99999","KOLN BONN","GM","GERMANY","DE","DEU","",50.866,7.143,92.04,19310101,20240909,2024-02-13,2024,2,13,44,5.8,24,2.3,24,NA,0,NA,0,10,24,3.7,24,6.2,NA,11,"*",1,"*",NA,NA,NA,0,1,0,0,0,0,0.7,0.9,78.2
"45","105130-99999","KOLN BONN","GM","GERMANY","DE","DEU","",50.866,7.143,92.04,19310101,20240909,2024-02-14,2024,2,14,45,10.3,24,7.7,24,NA,0,NA,0,9.7,24,4,24,6.7,NA,13,"*",8,"*",NA,NA,NA,0,1,0,0,0,0,1,1.3,83.9
"46","105130-99999","KOLN BONN","GM","GERMANY","DE","DEU","",50.866,7.143,92.04,19310101,20240909,2024-02-15,2024,2,15,46,13.1,24,9.4,24,NA,0,NA,0,10,24,4.4,24,6.7,NA,16,"*",11,"*",NA,NA,NA,0,1,0,0,0,0,1.2,1.5,78.3
"47","105130-99999","KOLN BONN","GM","GERMANY","DE","DEU","",50.866,7.143,92.04,19310101,20240909,2024-02-16,2024,2,16,47,12.3,24,9.4,24,NA,0,NA,0,9.8,24,3,24,5.7,NA,14,"*",10,"*",NA,NA,NA,0,1,0,0,0,0,1.2,1.4,82.5
"48","105130-99999","KOLN BONN","GM","GERMANY","DE","DEU","",50.866,7.143,92.04,19310101,20240909,2024-02-17,2024,2,17,48,10,24,7.9,24,NA,0,NA,0,9.8,24,2.2,24,4.6,NA,12,"*",6,"*",0,"I",NA,0,0,0,0,0,0,1.1,1.2,86.8
"49","105130-99999","KOLN BONN","GM","GERMANY","DE","DEU","",50.866,7.143,92.04,19310101,20240909,2024-02-18,2024,2,18,49,8.5,24,6.7,24,NA,0,NA,0,9.7,24,4.6,24,8.8,13.9,11,"*",6,"*",NA,NA,NA,0,1,0,0,0,0,1,1.1,88.4
"50","105130-99999","KOLN BONN","GM","GERMANY","DE","DEU","",50.866,7.143,92.04,19310101,20240909,2024-02-19,2024,2,19,50,9.2,24,6.9,24,NA,0,NA,0,9.7,24,5.3,24,8.8,13.9,12,"*",8,"*",NA,NA,NA,0,1,0,0,0,0,1,1.2,85.5
"51","105130-99999","KOLN BONN","GM","GERMANY","DE","DEU","",50.866,7.143,92.04,19310101,20240909,2024-02-20,2024,2,20,51,8.1,24,4.8,24,NA,0,NA,0,9.7,24,3.3,24,6.2,NA,12,"*",5,"*",0,"I",NA,0,0,0,0,0,0,0.9,1.1,79.7
"52","105130-99999","KOLN BONN","GM","GERMANY","DE","DEU","",50.866,7.143,92.04,19310101,20240909,2024-02-21,2024,2,21,52,8.9,24,4.5,24,NA,0,NA,0,10,24,4.5,24,7.7,NA,11,"*",7,"*",NA,NA,NA,0,1,0,0,0,0,0.8,1.1,73.9
"53","105130-99999","KOLN BONN","GM","GERMANY","DE","DEU","",50.866,7.143,92.04,19310101,20240909,2024-02-22,2024,2,22,53,10.1,24,7.4,24,NA,0,NA,0,10,24,6.5,24,17.5,24.7,14,"*",6,"*",NA,NA,NA,0,1,0,0,0,0,1,1.2,83.3
"54","105130-99999","KOLN BONN","GM","GERMANY","DE","DEU","",50.866,7.143,92.04,19310101,20240909,2024-02-23,2024,2,23,54,6.4,24,1.7,24,NA,0,NA,0,10,24,5.5,24,9.3,14.4,9,"*",3,"*",NA,NA,NA,0,1,0,0,0,0,0.7,1,71.9
"55","105130-99999","KOLN BONN","GM","GERMANY","DE","DEU","",50.866,7.143,92.04,19310101,20240909,2024-02-24,2024,2,24,55,5.4,24,1.3,24,NA,0,NA,0,10,24,4.7,24,8.8,NA,8,"*",3,"*",NA,NA,NA,0,1,0,0,0,0,0.7,0.9,74.9
"56","105130-99999","KOLN BONN","GM","GERMANY","DE","DEU","",50.866,7.143,92.04,19310101,20240909,2024-02-25,2024,2,25,56,6.9,24,1.5,24,NA,0,NA,0,10,24,4.8,24,6.7,NA,10,"*",5,"*",NA,NA,NA,0,1,0,0,0,0,0.7,1,68.5
"57","105130-99999","KOLN BONN","GM","GERMANY","DE","DEU","",50.866,7.143,92.04,19310101,20240909,2024-02-26,2024,2,26,57,6.4,24,4.4,24,NA,0,NA,0,10,24,3.7,24,6.2,NA,8,"*",5,"*",NA,NA,NA,0,1,0,0,0,0,0.8,1,87
"58","105130-99999","KOLN BONN","GM","GERMANY","DE","DEU","",50.866,7.143,92.04,19310101,20240909,2024-02-27,2024,2,27,58,6.2,24,3.4,24,NA,0,NA,0,9.3,24,2.9,24,6.7,NA,11,"*",2,"*",NA,NA,NA,0,1,0,0,0,0,0.8,0.9,82.3
"59","105130-99999","KOLN BONN","GM","GERMANY","DE","DEU","",50.866,7.143,92.04,19310101,20240909,2024-02-28,2024,2,28,59,5.6,24,2,24,NA,0,NA,0,8,24,1.6,24,3.6,NA,10,"*",3,"*",0,"I",NA,0,0,0,0,0,0,0.7,0.9,77.6
"60","105130-99999","KOLN BONN","GM","GERMANY","DE","DEU","",50.866,7.143,92.04,19310101,20240909,2024-02-29,2024,2,29,60,7.3,24,0.7,24,NA,0,NA,0,10,24,4.1,24,6.2,NA,13,"*",3,"*",0,"I",NA,0,0,0,0,0,0,0.6,1,62.9
"61","105130-99999","KOLN BONN","GM","GERMANY","DE","DEU","",50.866,7.143,92.04,19310101,20240909,2024-03-01,2024,3,1,61,7.9,24,3.1,24,NA,0,NA,0,10,24,4.5,24,7.7,NA,11,"*",5,"*",NA,NA,NA,0,1,0,0,0,0,0.8,1.1,71.7
"62","105130-99999","KOLN BONN","GM","GERMANY","DE","DEU","",50.866,7.143,92.04,19310101,20240909,2024-03-02,2024,3,2,62,10.4,24,3.6,24,NA,0,NA,0,10,24,5.9,24,7.7,NA,14,"*",5,"*",0,"I",NA,0,0,0,0,0,0,0.8,1.3,62.8
"63","105130-99999","KOLN BONN","GM","GERMANY","DE","DEU","",50.866,7.143,92.04,19310101,20240909,2024-03-03,2024,3,3,63,11.8,24,6,24,NA,0,NA,0,9.8,24,3,24,6.2,NA,19,"*",8,"*",0,"I",NA,0,0,0,0,0,0,0.9,1.4,67.6
"64","105130-99999","KOLN BONN","GM","GERMANY","DE","DEU","",50.866,7.143,92.04,19310101,20240909,2024-03-04,2024,3,4,64,8.1,24,5.7,24,NA,0,NA,0,9.7,24,3.4,24,6.7,NA,9,"*",6,"*",NA,NA,NA,0,1,0,0,0,0,0.9,1.1,84.8
"65","105130-99999","KOLN BONN","GM","GERMANY","DE","DEU","",50.866,7.143,92.04,19310101,20240909,2024-03-05,2024,3,5,65,6.5,24,5.4,24,NA,0,NA,0,6.3,24,1.2,24,2.6,NA,9,"*",4,"*",NA,NA,NA,0,1,0,0,0,0,0.9,1,92.7
"66","105130-99999","KOLN BONN","GM","GERMANY","DE","DEU","",50.866,7.143,92.04,19310101,20240909,2024-03-06,2024,3,6,66,7.3,24,4.2,24,NA,0,NA,0,7.1,24,1.6,24,3.6,NA,12,"*",3,"*",0,"I",NA,1,0,0,0,0,0,0.8,1,80.7
"67","105130-99999","KOLN BONN","GM","GERMANY","DE","DEU","",50.866,7.143,92.04,19310101,20240909,2024-03-07,2024,3,7,67,5.8,24,0.7,24,NA,0,NA,0,9.2,24,3.8,24,6.2,10.8,10,"*",2,"*",0,"I",NA,0,0,0,0,0,0,0.6,0.9,69.8
"68","105130-99999","KOLN BONN","GM","GERMANY","DE","DEU","",50.866,7.143,92.04,19310101,20240909,2024-03-08,2024,3,8,68,6.4,24,-1.1,24,NA,0,NA,0,10,24,4.5,24,7.7,11.3,11,"*",2,"*",0,"I",NA,0,0,0,0,0,0,0.6,1,58.7
"69","105130-99999","KOLN BONN","GM","GERMANY","DE","DEU","",50.866,7.143,92.04,19310101,20240909,2024-03-09,2024,3,9,69,9.5,24,1.4,24,NA,0,NA,0,10,24,4,24,6.7,NA,15,"*",5,"*",NA,NA,NA,0,1,0,0,0,0,0.7,1.2,57
"70","105130-99999","KOLN BONN","GM","GERMANY","DE","DEU","",50.866,7.143,92.04,19310101,20240909,2024-03-10,2024,3,10,70,11.2,24,2.9,24,NA,0,NA,0,10,24,3.4,24,5.1,NA,15,"*",8,"*",NA,NA,NA,0,1,0,0,0,0,0.8,1.3,56.6
"71","105130-99999","KOLN BONN","GM","GERMANY","DE","DEU","",50.866,7.143,92.04,19310101,20240909,2024-03-11,2024,3,11,71,7.9,24,7.1,24,NA,0,NA,0,8.4,24,2.7,24,5.1,NA,9,"*",7,"*",NA,NA,NA,0,1,0,0,0,0,1,1.1,94.7
"72","105130-99999","KOLN BONN","GM","GERMANY","DE","DEU","",50.866,7.143,92.04,19310101,20240909,2024-03-12,2024,3,12,72,7.9,24,5.6,24,NA,0,NA,0,9.5,24,3.5,24,4.6,NA,10,"*",7,"*",NA,NA,NA,0,1,0,0,0,0,0.9,1.1,85.4
"73","105130-99999","KOLN BONN","GM","GERMANY","DE","DEU","",50.866,7.143,92.04,19310101,20240909,2024-03-13,2024,3,13,73,10.3,24,8.8,24,NA,0,NA,0,7.7,24,2.6,24,4.1,NA,13,"*",7,"*",NA,NA,NA,0,1,0,0,0,0,1.1,1.3,90.4
"74","105130-99999","KOLN BONN","GM","GERMANY","DE","DEU","",50.866,7.143,92.04,19310101,20240909,2024-03-14,2024,3,14,74,12.6,24,8.1,24,NA,0,NA,0,10,24,3.4,24,5.7,NA,18,"*",8,"*",0,"I",NA,0,0,0,0,0,0,1.1,1.5,74.1
"75","105130-99999","KOLN BONN","GM","GERMANY","DE","DEU","",50.866,7.143,92.04,19310101,20240909,2024-03-15,2024,3,15,75,12.4,24,8.5,24,NA,0,NA,0,10,24,4.5,24,7.7,11.3,18,"*",8,"*",NA,NA,NA,0,1,0,0,0,0,1.1,1.4,77.1
"76","105130-99999","KOLN BONN","GM","GERMANY","DE","DEU","",50.866,7.143,92.04,19310101,20240909,2024-03-16,2024,3,16,76,8.8,24,6,24,NA,0,NA,0,9.8,24,3.5,24,8.8,NA,10,"*",5,"*",NA,NA,NA,0,1,0,0,0,0,0.9,1.1,82.6
"77","105130-99999","KOLN BONN","GM","GERMANY","DE","DEU","",50.866,7.143,92.04,19310101,20240909,2024-03-17,2024,3,17,77,9.2,24,4.6,24,NA,0,NA,0,10,24,2.8,24,5.7,NA,14,"*",3,"*",NA,NA,NA,0,1,0,0,0,0,0.8,1.2,72.9
"78","105130-99999","KOLN BONN","GM","GERMANY","DE","DEU","",50.866,7.143,92.04,19310101,20240909,2024-03-18,2024,3,18,78,11.1,24,8.4,24,NA,0,NA,0,9.5,24,2.5,24,6.2,NA,16,"*",6,"*",NA,NA,NA,0,1,0,0,0,0,1.1,1.3,83.4
"79","105130-99999","KOLN BONN","GM","GERMANY","DE","DEU","",50.866,7.143,92.04,19310101,20240909,2024-03-19,2024,3,19,79,11.6,24,6.3,24,NA,0,NA,0,10,24,1.9,24,3.6,NA,18,"*",5,"*",0,"I",NA,0,0,0,0,0,0,1,1.4,69.9
"80","105130-99999","KOLN BONN","GM","GERMANY","DE","DEU","",50.866,7.143,92.04,19310101,20240909,2024-03-20,2024,3,20,80,13,24,6.7,24,NA,0,NA,0,10,24,1.4,24,3.1,NA,20,"*",7,"*",0,"I",NA,0,0,0,0,0,0,1,1.5,65.6
"81","105130-99999","KOLN BONN","GM","GERMANY","DE","DEU","",50.866,7.143,92.04,19310101,20240909,2024-03-21,2024,3,21,81,10.2,24,7.1,24,NA,0,NA,0,10,24,2.9,24,6.7,NA,13,"*",7,"*",0,"I",NA,0,0,0,0,0,0,1,1.2,81.1
"82","105130-99999","KOLN BONN","GM","GERMANY","DE","DEU","",50.866,7.143,92.04,19310101,20240909,2024-03-22,2024,3,22,82,11.9,24,7.8,24,NA,0,NA,0,9.8,24,3.8,24,6.2,NA,16,"*",8,"*",NA,NA,NA,0,1,0,0,0,0,1.1,1.4,76
"83","105130-99999","KOLN BONN","GM","GERMANY","DE","DEU","",50.866,7.143,92.04,19310101,20240909,2024-03-23,2024,3,23,83,5.6,24,3.3,24,NA,0,NA,0,9.8,24,5.2,24,11.8,17,9,"*",2,"*",NA,NA,NA,0,1,0,0,0,0,0.8,0.9,85.1
"84","105130-99999","KOLN BONN","GM","GERMANY","DE","DEU","",50.866,7.143,92.04,19310101,20240909,2024-03-24,2024,3,24,84,6.3,24,2.8,24,NA,0,NA,0,10,24,7.4,24,12.4,18,9,"*",4,"*",NA,NA,NA,0,1,0,0,0,0,0.7,1,78.3
"85","105130-99999","KOLN BONN","GM","GERMANY","DE","DEU","",50.866,7.143,92.04,19310101,20240909,2024-03-25,2024,3,25,85,7.6,24,0.8,24,NA,0,NA,0,10,24,2.9,24,6.7,NA,12,"*",2,"*",NA,NA,NA,0,1,0,0,0,0,0.6,1,62.1
"86","105130-99999","KOLN BONN","GM","GERMANY","DE","DEU","",50.866,7.143,92.04,19310101,20240909,2024-03-26,2024,3,26,86,8.6,17,1.1,17,NA,0,NA,0,10,17,4.2,17,6.7,NA,15,"*",6,"*",NA,NA,NA,0,1,0,0,0,0,0.7,1.1,59.3
"87","105130-99999","KOLN BONN","GM","GERMANY","DE","DEU","",50.866,7.143,92.04,19310101,20240909,2024-03-27,2024,3,27,87,9.6,15,5.3,15,NA,0,NA,0,10,15,2.9,15,5.7,NA,11,"*",8,"*",NA,NA,NA,0,1,0,0,0,0,0.9,1.2,74.6
"88","105130-99999","KOLN BONN","GM","GERMANY","DE","DEU","",50.866,7.143,92.04,19310101,20240909,2024-04-01,2024,4,1,92,9.8,7,6,7,NA,0,NA,0,10,7,4,7,5.1,NA,11,"*",8,"*",0,"I",NA,0,0,0,0,0,0,0.9,1.2,77.2
"89","105130-99999","KOLN BONN","GM","GERMANY","DE","DEU","",50.866,7.143,92.04,19310101,20240909,2024-04-02,2024,4,2,93,8.5,8,5.5,8,NA,0,NA,0,10,8,3.1,8,3.6,NA,11,"*",6,"*",NA,NA,NA,0,1,0,0,0,0,0.9,1.1,81.4
"90","105130-99999","KOLN BONN","GM","GERMANY","DE","DEU","",50.866,7.143,92.04,19310101,20240909,2024-04-03,2024,4,3,94,10.9,24,8.5,24,NA,0,NA,0,10,24,3.7,24,7.7,13.9,14,"*",9,"*",NA,NA,NA,0,1,0,0,0,0,1.1,1.3,85.1
"91","105130-99999","KOLN BONN","GM","GERMANY","DE","DEU","",50.866,7.143,92.04,19310101,20240909,2024-04-04,2024,4,4,95,11.9,24,8.6,24,NA,0,NA,0,10,24,5.1,24,9.8,NA,15,"*",8,"*",NA,NA,NA,0,1,0,0,0,0,1.1,1.4,80.2
"92","105130-99999","KOLN BONN","GM","GERMANY","DE","DEU","",50.866,7.143,92.04,19310101,20240909,2024-04-05,2024,4,5,96,15.1,24,10.6,24,NA,0,NA,0,10,24,4.9,24,9.3,15.4,19,"*",11,"*",NA,NA,NA,0,1,0,0,0,0,1.3,1.7,74.5
"93","105130-99999","KOLN BONN","GM","GERMANY","DE","DEU","",50.866,7.143,92.04,19310101,20240909,2024-04-06,2024,4,6,97,19.8,24,9.6,24,NA,0,NA,0,10,24,4.6,24,8.8,NA,26,"*",14,"*",0,"I",NA,0,0,0,0,0,0,1.2,2.3,51.8
"94","105130-99999","KOLN BONN","GM","GERMANY","DE","DEU","",50.866,7.143,92.04,19310101,20240909,2024-04-07,2024,4,7,98,19.1,24,9.9,24,NA,0,NA,0,10,24,3.6,24,7.7,NA,23,"*",14,"*",NA,NA,NA,0,1,0,0,0,0,1.2,2.2,55.2
"95","105130-99999","KOLN BONN","GM","GERMANY","DE","DEU","",50.866,7.143,92.04,19310101,20240909,2024-04-08,2024,4,8,99,17.3,24,11.1,24,NA,0,NA,0,9.3,24,2.5,24,5.1,NA,24,"*",10,"*",NA,NA,NA,0,1,0,0,0,0,1.3,2,66.9
"96","105130-99999","KOLN BONN","GM","GERMANY","DE","DEU","",50.866,7.143,92.04,19310101,20240909,2024-04-09,2024,4,9,100,13.4,24,7.1,24,NA,0,NA,0,10,24,5,24,9.8,14.9,21,"*",9,"*",NA,NA,NA,0,1,0,0,0,0,1,1.5,65.7
"97","105130-99999","KOLN BONN","GM","GERMANY","DE","DEU","",50.866,7.143,92.04,19310101,20240909,2024-04-10,2024,4,10,101,10.4,24,3.9,24,NA,0,NA,0,10,24,2.9,24,5.7,NA,16,"*",7,"*",0,"I",NA,0,0,0,0,0,0,0.8,1.3,64.1
"98","105130-99999","KOLN BONN","GM","GERMANY","DE","DEU","",50.866,7.143,92.04,19310101,20240909,2024-04-11,2024,4,11,102,12.3,24,6.7,24,NA,0,NA,0,10,24,2.6,24,5.1,NA,18,"*",6,"*",0,"I",NA,0,0,0,0,0,0,1,1.4,68.6
"99","105130-99999","KOLN BONN","GM","GERMANY","DE","DEU","",50.866,7.143,92.04,19310101,20240909,2024-04-12,2024,4,12,103,14.9,24,11.4,24,NA,0,NA,0,10,24,2.6,24,4.6,NA,20,"*",12,"*",0,"I",NA,0,0,0,0,0,0,1.3,1.7,79.6
"100","105130-99999","KOLN BONN","GM","GERMANY","DE","DEU","",50.866,7.143,92.04,19310101,20240909,2024-04-13,2024,4,13,104,18.4,24,11.8,24,NA,0,NA,0,10,24,3.5,24,7.2,NA,25,"*",10,"*",0,"I",NA,0,0,0,0,0,0,1.4,2.1,65.4
"101","105130-99999","KOLN BONN","GM","GERMANY","DE","DEU","",50.866,7.143,92.04,19310101,20240909,2024-04-14,2024,4,14,105,14.5,24,7.7,24,NA,0,NA,0,10,24,4.2,24,7.7,NA,18,"*",10,"*",NA,NA,NA,0,1,0,0,0,0,1,1.6,63.7
"102","105130-99999","KOLN BONN","GM","GERMANY","DE","DEU","",50.866,7.143,92.04,19310101,20240909,2024-04-15,2024,4,15,106,8.8,24,4.4,24,NA,0,NA,0,10,24,5.5,24,19.6,31.4,14,"*",4,"*",NA,NA,NA,0,1,0,0,0,0,0.8,1.1,73.9
"103","105130-99999","KOLN BONN","GM","GERMANY","DE","DEU","",50.866,7.143,92.04,19310101,20240909,2024-04-16,2024,4,16,107,6.8,24,4.7,24,NA,0,NA,0,9.8,24,6,24,13.4,18.5,10,"*",5,"*",NA,NA,NA,0,1,0,0,0,0,0.9,1,86.5
"104","105130-99999","KOLN BONN","GM","GERMANY","DE","DEU","",50.866,7.143,92.04,19310101,20240909,2024-04-17,2024,4,17,108,5.9,24,3.6,24,NA,0,NA,0,9.8,24,3.3,24,8.2,NA,9,"*",4,"*",NA,NA,NA,0,1,0,0,0,0,0.8,0.9,85.2
"105","105130-99999","KOLN BONN","GM","GERMANY","DE","DEU","",50.866,7.143,92.04,19310101,20240909,2024-04-18,2024,4,18,109,7.4,24,3.1,24,NA,0,NA,0,9.5,24,3.4,24,6.7,NA,12,"*",4,"*",NA,NA,NA,0,1,0,0,0,0,0.8,1,74.2
"106","105130-99999","KOLN BONN","GM","GERMANY","DE","DEU","",50.866,7.143,92.04,19310101,20240909,2024-04-19,2024,4,19,110,7.1,24,5,24,NA,0,NA,0,9.5,24,6.6,24,10.8,16.5,10,"*",5,"*",NA,NA,NA,0,1,0,0,0,0,0.9,1,86.5
"107","105130-99999","KOLN BONN","GM","GERMANY","DE","DEU","",50.866,7.143,92.04,19310101,20240909,2024-04-20,2024,4,20,111,6.7,24,4.4,24,NA,0,NA,0,9.7,24,5.1,24,8.8,13.9,11,"*",4,"*",NA,NA,NA,0,1,0,0,0,0,0.8,1,85.3
"108","105130-99999","KOLN BONN","GM","GERMANY","DE","DEU","",50.866,7.143,92.04,19310101,20240909,2024-04-21,2024,4,21,112,4.8,24,0.4,24,NA,0,NA,0,10,24,4.2,24,10.8,14.4,9,"*",1,"*",NA,NA,NA,0,1,0,0,0,0,0.6,0.9,73.2
"109","105130-99999","KOLN BONN","GM","GERMANY","DE","DEU","",50.866,7.143,92.04,19310101,20240909,2024-04-22,2024,4,22,113,4.1,24,-0.4,24,NA,0,NA,0,10,24,2.3,24,7.2,NA,10,"*",-2,"*",NA,NA,NA,0,1,0,0,0,0,0.6,0.8,72.5
"110","105130-99999","KOLN BONN","GM","GERMANY","DE","DEU","",50.866,7.143,92.04,19310101,20240909,2024-04-23,2024,4,23,114,5.3,24,-1.3,24,NA,0,NA,0,10,24,2.4,24,5.7,NA,10,"*",-2,"*",NA,NA,NA,0,1,0,0,0,0,0.6,0.9,62.4
"111","105130-99999","KOLN BONN","GM","GERMANY","DE","DEU","",50.866,7.143,92.04,19310101,20240909,2024-04-24,2024,4,24,115,6.1,24,3.1,24,NA,0,NA,0,10,24,5,24,8.8,12.9,9,"*",4,"*",NA,NA,NA,0,1,0,0,0,0,0.8,0.9,81.1
"112","105130-99999","KOLN BONN","GM","GERMANY","DE","DEU","",50.866,7.143,92.04,19310101,20240909,2024-04-25,2024,4,25,116,6.9,24,1.9,24,NA,0,NA,0,9.8,24,4,24,6.2,NA,10,"*",3,"*",NA,NA,NA,0,1,0,0,0,0,0.7,1,70.5
"113","105130-99999","KOLN BONN","GM","GERMANY","DE","DEU","",50.866,7.143,92.04,19310101,20240909,2024-04-26,2024,4,26,117,10.4,24,4.1,24,NA,0,NA,0,10,24,3.5,24,6.2,NA,14,"*",6,"*",0,"I",NA,0,0,0,0,0,0,0.8,1.3,65
"114","105130-99999","KOLN BONN","GM","GERMANY","DE","DEU","",50.866,7.143,92.04,19310101,20240909,2024-04-27,2024,4,27,118,13.5,24,6.7,24,NA,0,NA,0,10,24,4.3,24,8.8,NA,19,"*",8,"*",NA,NA,NA,0,1,0,0,0,0,1,1.5,63.5
"115","105130-99999","KOLN BONN","GM","GERMANY","DE","DEU","",50.866,7.143,92.04,19310101,20240909,2024-04-28,2024,4,28,119,14.7,24,6.9,24,NA,0,NA,0,10,24,5.7,24,9.8,14.4,17,"*",9,"*",0,"I",NA,0,0,0,0,0,0,1,1.7,59.5
"116","105130-99999","KOLN BONN","GM","GERMANY","DE","DEU","",50.866,7.143,92.04,19310101,20240909,2024-04-29,2024,4,29,120,14.5,24,7.8,24,NA,0,NA,0,10,24,3.4,24,6.2,10.3,20,"*",8,"*",0,"I",NA,0,0,0,0,0,0,1.1,1.6,64.1
"117","105130-99999","KOLN BONN","GM","GERMANY","DE","DEU","",50.866,7.143,92.04,19310101,20240909,2024-04-30,2024,4,30,121,18.3,22,10.4,22,NA,0,NA,0,10,22,1.4,22,3.1,NA,26,"*",10,"*",0,"I",NA,0,0,0,0,0,0,1.3,2.1,60
"118","105130-99999","KOLN BONN","GM","GERMANY","DE","DEU","",50.866,7.143,92.04,19310101,20240909,2024-05-02,2024,5,2,123,18.3,24,12.7,24,NA,0,NA,0,9.8,24,3,24,8.2,NA,26,"*",13,"*",NA,NA,NA,0,1,0,1,1,0,1.5,2.1,69.8
"119","105130-99999","KOLN BONN","GM","GERMANY","DE","DEU","",50.866,7.143,92.04,19310101,20240909,2024-05-03,2024,5,3,124,12.1,24,9.2,24,NA,0,NA,0,10,24,3.1,24,7.7,NA,16,"*",8,"*",NA,NA,NA,0,1,0,0,0,0,1.2,1.4,82.4
"120","105130-99999","KOLN BONN","GM","GERMANY","DE","DEU","",50.866,7.143,92.04,19310101,20240909,2024-05-04,2024,5,4,125,12.1,24,8.5,24,NA,0,NA,0,9.7,24,2.6,24,6.2,10.3,18,"*",7,"*",NA,NA,NA,0,1,0,0,0,0,1.1,1.4,78.6
"121","105130-99999","KOLN BONN","GM","GERMANY","DE","DEU","",50.866,7.143,92.04,19310101,20240909,2024-05-05,2024,5,5,126,13.3,24,8.6,24,NA,0,NA,0,9.8,24,2.7,24,5.7,NA,19,"*",8,"*",0,"I",NA,0,0,0,0,0,0,1.1,1.5,73.2
"122","105130-99999","KOLN BONN","GM","GERMANY","DE","DEU","",50.866,7.143,92.04,19310101,20240909,2024-05-06,2024,5,6,127,13.8,24,12.2,24,NA,0,NA,0,9.2,24,1.8,24,3.6,NA,17,"*",12,"*",NA,NA,NA,0,1,0,0,0,0,1.4,1.6,90.1
"123","105130-99999","KOLN BONN","GM","GERMANY","DE","DEU","",50.866,7.143,92.04,19310101,20240909,2024-05-07,2024,5,7,128,13.3,24,11.8,24,NA,0,NA,0,8.4,24,1.7,24,4.6,NA,17,"*",10,"*",NA,NA,NA,0,1,0,0,0,0,1.4,1.5,90.6
"124","105130-99999","KOLN BONN","GM","GERMANY","DE","DEU","",50.866,7.143,92.04,19310101,20240909,2024-05-08,2024,5,8,129,12.9,22,10.4,22,NA,0,NA,0,8,22,3.2,22,6.2,NA,17,"*",9,"*",0,"I",NA,0,0,0,0,0,0,1.3,1.5,84.8
"125","105130-99999","KOLN BONN","GM","GERMANY","DE","DEU","",50.866,7.143,92.04,19310101,20240909,2024-05-09,2024,5,9,130,14,24,9.1,24,NA,0,NA,0,7.1,24,1.7,24,4.6,NA,22,"*",7,"*",0,"I",NA,1,0,0,0,0,0,1.2,1.6,72.3
"126","105130-99999","KOLN BONN","GM","GERMANY","DE","DEU","",50.866,7.143,92.04,19310101,20240909,2024-05-10,2024,5,10,131,16.4,24,9.2,24,NA,0,NA,0,10,24,1.9,24,3.6,NA,24,"*",7,"*",0,"I",NA,0,0,0,0,0,0,1.2,1.9,62.4
"127","105130-99999","KOLN BONN","GM","GERMANY","DE","DEU","",50.866,7.143,92.04,19310101,20240909,2024-05-11,2024,5,11,132,17.8,24,9.8,24,NA,0,NA,0,10,24,1.9,24,4.6,NA,25,"*",9,"*",0,"I",NA,0,0,0,0,0,0,1.2,2,59.5
"128","105130-99999","KOLN BONN","GM","GERMANY","DE","DEU","",50.866,7.143,92.04,19310101,20240909,2024-05-12,2024,5,12,133,20.1,24,10.4,24,NA,0,NA,0,10,24,3.5,24,6.2,10.8,25,"*",13,"*",0,"I",NA,0,0,0,0,0,0,1.3,2.3,53.6
"129","105130-99999","KOLN BONN","GM","GERMANY","DE","DEU","",50.866,7.143,92.04,19310101,20240909,2024-05-13,2024,5,13,134,19.4,24,12.6,24,NA,0,NA,0,10,24,3.3,24,6.7,NA,25,"*",15,"*",NA,NA,NA,0,1,0,0,0,0,1.5,2.2,64.8
"130","105130-99999","KOLN BONN","GM","GERMANY","DE","DEU","",50.866,7.143,92.04,19310101,20240909,2024-05-14,2024,5,14,135,21,24,11.3,24,NA,0,NA,0,10,24,4,24,6.7,NA,26,"*",15,"*",0,"I",NA,0,0,0,0,0,0,1.3,2.5,53.9
"131","105130-99999","KOLN BONN","GM","GERMANY","DE","DEU","",50.866,7.143,92.04,19310101,20240909,2024-05-15,2024,5,15,136,16.4,24,12.8,24,NA,0,NA,0,9.8,24,2.2,24,5.1,NA,22,"*",12,"*",NA,NA,NA,0,1,0,0,0,0,1.5,1.9,79.3
"132","105130-99999","KOLN BONN","GM","GERMANY","DE","DEU","",50.866,7.143,92.04,19310101,20240909,2024-05-16,2024,5,16,137,15.8,24,13.7,24,NA,0,NA,0,8.4,24,2.3,24,5.1,NA,21,"*",13,"*",NA,NA,NA,0,1,0,0,1,0,1.6,1.8,87.3
"133","105130-99999","KOLN BONN","GM","GERMANY","DE","DEU","",50.866,7.143,92.04,19310101,20240909,2024-05-17,2024,5,17,138,15.2,24,13.7,24,NA,0,NA,0,8.5,24,2.2,24,5.1,NA,19,"*",13,"*",NA,NA,NA,0,1,0,0,0,0,1.6,1.7,90.8
"134","105130-99999","KOLN BONN","GM","GERMANY","DE","DEU","",50.866,7.143,92.04,19310101,20240909,2024-05-18,2024,5,18,139,14.8,24,13.2,24,NA,0,NA,0,8.4,24,2.3,24,4.6,NA,19,"*",11,"*",NA,NA,NA,0,1,0,0,0,0,1.5,1.7,90.1
"135","105130-99999","KOLN BONN","GM","GERMANY","DE","DEU","",50.866,7.143,92.04,19310101,20240909,2024-05-19,2024,5,19,140,14.8,24,12.2,24,NA,0,NA,0,8.4,24,2.6,24,7.2,9.8,20,"*",10,"*",NA,NA,NA,0,1,0,0,0,0,1.4,1.7,84.4
"136","105130-99999","KOLN BONN","GM","GERMANY","DE","DEU","",50.866,7.143,92.04,19310101,20240909,2024-05-20,2024,5,20,141,16.1,24,12,24,NA,0,NA,0,9.8,24,1.4,24,3.1,NA,23,"*",10,"*",0,"I",NA,0,0,0,0,0,0,1.4,1.8,76.7
"137","105130-99999","KOLN BONN","GM","GERMANY","DE","DEU","",50.866,7.143,92.04,19310101,20240909,2024-05-21,2024,5,21,142,15.4,24,13.3,24,NA,0,NA,0,9.8,24,2.8,24,8.2,NA,21,"*",10,"*",NA,NA,NA,0,1,0,0,1,0,1.5,1.7,87.3
"138","105130-99999","KOLN BONN","GM","GERMANY","DE","DEU","",50.866,7.143,92.04,19310101,20240909,2024-05-22,2024,5,22,143,16.3,24,12.2,24,NA,0,NA,0,10,24,3.4,24,9.8,NA,20,"*",13,"*",NA,NA,NA,0,1,0,0,0,0,1.4,1.8,76.7
"139","105130-99999","KOLN BONN","GM","GERMANY","DE","DEU","",50.866,7.143,92.04,19310101,20240909,2024-05-23,2024,5,23,144,15.9,24,10.8,24,NA,0,NA,0,9.7,24,2.3,24,5.1,NA,22,"*",10,"*",NA,NA,NA,0,1,0,0,0,0,1.3,1.8,71.7
"140","105130-99999","KOLN BONN","GM","GERMANY","DE","DEU","",50.866,7.143,92.04,19310101,20240909,2024-05-24,2024,5,24,145,14,24,12.9,24,NA,0,NA,0,9.2,24,2.1,24,4.6,NA,17,"*",12,"*",NA,NA,NA,0,1,0,0,0,0,1.5,1.6,93.1
"141","105130-99999","KOLN BONN","GM","GERMANY","DE","DEU","",50.866,7.143,92.04,19310101,20240909,2024-05-25,2024,5,25,146,15.4,24,12,24,NA,0,NA,0,9.8,24,2.5,24,4.6,NA,20,"*",10,"*",0,"I",NA,0,0,0,0,0,0,1.4,1.7,80.2
"142","105130-99999","KOLN BONN","GM","GERMANY","DE","DEU","",50.866,7.143,92.04,19310101,20240909,2024-05-26,2024,5,26,147,16.8,24,12,24,NA,0,NA,0,10,24,3.6,24,10.3,14.4,23,"*",10,"*",NA,NA,NA,0,1,0,0,0,0,1.4,1.9,73.3
"143","105130-99999","KOLN BONN","GM","GERMANY","DE","DEU","",50.866,7.143,92.04,19310101,20240909,2024-05-27,2024,5,27,148,15.4,24,11.9,24,NA,0,NA,0,10,24,2.4,24,5.1,NA,21,"*",11,"*",NA,NA,NA,0,1,0,0,0,0,1.4,1.7,79.6
"144","105130-99999","KOLN BONN","GM","GERMANY","DE","DEU","",50.866,7.143,92.04,19310101,20240909,2024-05-28,2024,5,28,149,14.6,24,10.2,24,NA,0,NA,0,10,24,3.3,24,5.7,NA,19,"*",10,"*",NA,NA,NA,0,1,0,0,0,0,1.2,1.7,74.9
"145","105130-99999","KOLN BONN","GM","GERMANY","DE","DEU","",50.866,7.143,92.04,19310101,20240909,2024-05-29,2024,5,29,150,15.6,24,13.4,24,NA,0,NA,0,9.5,24,4.6,24,8.8,13.9,20,"*",13,"*",NA,NA,NA,0,1,0,0,0,0,1.5,1.8,86.8
"146","105130-99999","KOLN BONN","GM","GERMANY","DE","DEU","",50.866,7.143,92.04,19310101,20240909,2024-05-30,2024,5,30,151,15.6,24,11.8,24,NA,0,NA,0,9.8,24,3.1,24,7.7,NA,19,"*",13,"*",NA,NA,NA,0,1,0,0,0,0,1.4,1.8,78.1
"147","105130-99999","KOLN BONN","GM","GERMANY","DE","DEU","",50.866,7.143,92.04,19310101,20240909,2024-05-31,2024,5,31,152,15.6,24,11.4,24,NA,0,NA,0,10,24,3.2,24,5.7,NA,20,"*",12,"*",NA,NA,NA,0,1,0,0,0,0,1.3,1.8,76.1
"148","105130-99999","KOLN BONN","GM","GERMANY","DE","DEU","",50.866,7.143,92.04,19310101,20240909,2024-06-01,2024,6,1,153,16.2,24,14.4,24,NA,0,NA,0,10,24,4.1,24,5.7,NA,19,"*",14,"*",NA,NA,NA,0,1,0,0,0,0,1.6,1.8,89.1
"149","105130-99999","KOLN BONN","GM","GERMANY","DE","DEU","",50.866,7.143,92.04,19310101,20240909,2024-06-02,2024,6,2,154,14.7,24,11.6,24,NA,0,NA,0,9.8,24,3.7,24,5.7,NA,17,"*",12,"*",0,"I",NA,0,0,0,0,0,0,1.4,1.7,81.7
"150","105130-99999","KOLN BONN","GM","GERMANY","DE","DEU","",50.866,7.143,92.04,19310101,20240909,2024-06-03,2024,6,3,155,13,24,8.6,24,NA,0,NA,0,10,24,2.5,24,4.1,NA,15,"*",9,"*",0,"I",NA,0,0,0,0,0,0,1.1,1.5,74.6
"151","105130-99999","KOLN BONN","GM","GERMANY","DE","DEU","",50.866,7.143,92.04,19310101,20240909,2024-06-04,2024,6,4,156,16.7,24,10.4,24,NA,0,NA,0,10,24,2.1,24,6.2,NA,22,"*",12,"*",NA,NA,NA,0,1,0,0,0,0,1.3,1.9,66.4
"152","105130-99999","KOLN BONN","GM","GERMANY","DE","DEU","",50.866,7.143,92.04,19310101,20240909,2024-06-05,2024,6,5,157,14.3,24,11.9,24,NA,0,NA,0,9.3,24,2.9,24,5.7,NA,16,"*",8,"*",NA,NA,NA,0,1,0,0,0,0,1.4,1.6,85.5
"153","105130-99999","KOLN BONN","GM","GERMANY","DE","DEU","",50.866,7.143,92.04,19310101,20240909,2024-06-06,2024,6,6,158,14.3,24,7.4,24,NA,0,NA,0,10,24,3.1,24,7.7,12.4,20,"*",7,"*",0,"I",NA,0,0,0,0,0,0,1,1.6,63.2
"154","105130-99999","KOLN BONN","GM","GERMANY","DE","DEU","",50.866,7.143,92.04,19310101,20240909,2024-06-07,2024,6,7,159,15.1,24,7.9,24,NA,0,NA,0,10,24,1.6,24,4.6,NA,22,"*",6,"*",0,"I",NA,0,0,0,0,0,0,1.1,1.7,62.1
"155","105130-99999","KOLN BONN","GM","GERMANY","DE","DEU","",50.866,7.143,92.04,19310101,20240909,2024-06-08,2024,6,8,160,16.1,24,8.9,24,NA,0,NA,0,10,24,3.7,24,8.2,NA,22,"*",7,"*",0,"I",NA,0,0,0,0,0,0,1.1,1.8,62.4
"156","105130-99999","KOLN BONN","GM","GERMANY","DE","DEU","",50.866,7.143,92.04,19310101,20240909,2024-06-09,2024,6,9,161,15.1,24,7.2,24,NA,0,NA,0,10,24,3.2,24,7.2,NA,20,"*",9,"*",0,"I",NA,0,0,0,0,0,0,1,1.7,59.2
"157","105130-99999","KOLN BONN","GM","GERMANY","DE","DEU","",50.866,7.143,92.04,19310101,20240909,2024-06-10,2024,6,10,162,11.7,24,7.7,24,NA,0,NA,0,10,24,4.7,24,13.9,19.6,15,"*",7,"*",NA,NA,NA,0,1,0,0,0,0,1,1.4,76.5
"158","105130-99999","KOLN BONN","GM","GERMANY","DE","DEU","",50.866,7.143,92.04,19310101,20240909,2024-06-11,2024,6,11,163,13.1,24,6.2,24,NA,0,NA,0,10,24,4.6,24,7.2,NA,17,"*",9,"*",NA,NA,NA,0,1,0,0,0,0,0.9,1.5,62.9
"159","105130-99999","KOLN BONN","GM","GERMANY","DE","DEU","",50.866,7.143,92.04,19310101,20240909,2024-06-12,2024,6,12,164,11.7,24,6.8,24,NA,0,NA,0,10,24,3.1,24,6.2,NA,16,"*",7,"*",NA,NA,NA,0,1,0,0,0,0,1,1.4,71.9
"160","105130-99999","KOLN BONN","GM","GERMANY","DE","DEU","",50.866,7.143,92.04,19310101,20240909,2024-06-13,2024,6,13,165,14.1,24,6.3,24,NA,0,NA,0,10,24,2.7,24,5.7,NA,19,"*",6,"*",0,"I",NA,0,0,0,0,0,0,1,1.6,59.4
"161","105130-99999","KOLN BONN","GM","GERMANY","DE","DEU","",50.866,7.143,92.04,19310101,20240909,2024-06-14,2024,6,14,166,16.2,24,11.3,24,NA,0,NA,0,10,24,4.9,24,7.7,NA,19,"*",12,"*",NA,NA,NA,0,1,0,0,0,0,1.3,1.8,72.7
"162","105130-99999","KOLN BONN","GM","GERMANY","DE","DEU","",50.866,7.143,92.04,19310101,20240909,2024-06-15,2024,6,15,167,16.6,24,8.8,24,NA,0,NA,0,10,24,6,24,10.8,NA,20,"*",14,"*",NA,NA,NA,0,1,0,0,0,0,1.1,1.9,60
"163","105130-99999","KOLN BONN","GM","GERMANY","DE","DEU","",50.866,7.143,92.04,19310101,20240909,2024-06-16,2024,6,16,168,15.7,24,11.2,24,NA,0,NA,0,10,24,4.6,24,8.2,12.4,18,"*",13,"*",NA,NA,NA,0,1,0,0,0,0,1.3,1.8,74.6
"164","105130-99999","KOLN BONN","GM","GERMANY","DE","DEU","",50.866,7.143,92.04,19310101,20240909,2024-06-17,2024,6,17,169,16.8,24,15.1,24,NA,0,NA,0,10,24,2.1,24,4.6,NA,20,"*",14,"*",NA,NA,NA,0,1,0,1,1,0,1.7,1.9,89.7
"165","105130-99999","KOLN BONN","GM","GERMANY","DE","DEU","",50.866,7.143,92.04,19310101,20240909,2024-06-18,2024,6,18,170,17.9,24,15.8,24,NA,0,NA,0,9.8,24,2.6,24,6.2,NA,23,"*",13,"*",NA,NA,NA,0,1,0,0,0,0,1.8,2,87.5
"166","105130-99999","KOLN BONN","GM","GERMANY","DE","DEU","",50.866,7.143,92.04,19310101,20240909,2024-06-19,2024,6,19,171,16.8,24,13.3,24,NA,0,NA,0,9.7,24,2.3,24,4.1,NA,21,"*",13,"*",0,"I",NA,0,0,0,0,0,0,1.5,1.9,79.8
"167","105130-99999","KOLN BONN","GM","GERMANY","DE","DEU","",50.866,7.143,92.04,19310101,20240909,2024-06-20,2024,6,20,172,18.3,24,14.3,24,NA,0,NA,0,10,24,2.3,24,5.1,NA,24,"*",11,"*",NA,NA,NA,0,1,0,0,0,0,1.6,2.1,77.5
"168","105130-99999","KOLN BONN","GM","GERMANY","DE","DEU","",50.866,7.143,92.04,19310101,20240909,2024-06-21,2024,6,21,173,18.9,24,16.3,24,NA,0,NA,0,10,24,3.4,24,9.3,NA,25,"*",13,"*",NA,NA,NA,0,1,0,0,1,0,1.8,2.2,84.9
"169","105130-99999","KOLN BONN","GM","GERMANY","DE","DEU","",50.866,7.143,92.04,19310101,20240909,2024-06-22,2024,6,22,174,16.6,24,12.4,24,NA,0,NA,0,9.7,24,2.9,24,5.7,NA,22,"*",12,"*",NA,NA,NA,0,1,0,0,0,0,1.4,1.9,76.2
"170","105130-99999","KOLN BONN","GM","GERMANY","DE","DEU","",50.866,7.143,92.04,19310101,20240909,2024-06-23,2024,6,23,175,19.3,24,13.3,24,NA,0,NA,0,10,24,1.9,24,4.6,NA,25,"*",14,"*",0,"I",NA,0,0,0,0,0,0,1.5,2.2,68.2
"171","105130-99999","KOLN BONN","GM","GERMANY","DE","DEU","",50.866,7.143,92.04,19310101,20240909,2024-06-24,2024,6,24,176,20.9,24,13.9,24,NA,0,NA,0,10,24,1.7,24,3.1,NA,28,"*",12,"*",0,"I",NA,0,0,0,0,0,0,1.6,2.5,64.3
"172","105130-99999","KOLN BONN","GM","GERMANY","DE","DEU","",50.866,7.143,92.04,19310101,20240909,2024-06-25,2024,6,25,177,23,24,13.7,24,NA,0,NA,0,10,24,2.2,24,3.6,NA,30,"*",13,"*",0,"I",NA,0,0,0,0,0,0,1.6,2.8,55.8
"173","105130-99999","KOLN BONN","GM","GERMANY","DE","DEU","",50.866,7.143,92.04,19310101,20240909,2024-06-26,2024,6,26,178,23.3,24,15.3,24,NA,0,NA,0,10,24,1.4,24,2.6,NA,31,"*",14,"*",0,"I",NA,0,0,0,0,0,0,1.7,2.9,60.8
"174","105130-99999","KOLN BONN","GM","GERMANY","DE","DEU","",50.866,7.143,92.04,19310101,20240909,2024-06-27,2024,6,27,179,24.7,24,17.2,24,NA,0,NA,0,10,24,2.8,24,7.2,NA,30,"*",17,"*",NA,NA,NA,0,1,0,0,0,0,2,3.1,63.1
"175","105130-99999","KOLN BONN","GM","GERMANY","DE","DEU","",50.866,7.143,92.04,19310101,20240909,2024-06-28,2024,6,28,180,19.7,24,11.4,24,NA,0,NA,0,10,24,4.1,24,7.2,9.3,24,"*",13,"*",0,"I",NA,0,0,0,0,0,0,1.3,2.3,58.8
"176","105130-99999","KOLN BONN","GM","GERMANY","DE","DEU","",50.866,7.143,92.04,19310101,20240909,2024-06-29,2024,6,29,181,20.4,24,12.2,24,NA,0,NA,0,9.8,24,1.9,24,6.2,NA,28,"*",10,"*",NA,NA,NA,0,1,0,0,1,0,1.4,2.4,59.3
"177","105130-99999","KOLN BONN","GM","GERMANY","DE","DEU","",50.866,7.143,92.04,19310101,20240909,2024-06-30,2024,6,30,182,17.9,24,15.2,24,NA,0,NA,0,8.9,24,3.5,24,6.2,NA,22,"*",15,"*",NA,NA,NA,0,1,0,0,0,0,1.7,2,84.2
"178","105130-99999","KOLN BONN","GM","GERMANY","DE","DEU","",50.866,7.143,92.04,19310101,20240909,2024-07-01,2024,7,1,183,16.4,24,11.6,24,NA,0,NA,0,9.8,24,4.2,24,7.2,NA,20,"*",14,"*",NA,NA,NA,0,1,0,0,0,0,1.4,1.9,73.3
"179","105130-99999","KOLN BONN","GM","GERMANY","DE","DEU","",50.866,7.143,92.04,19310101,20240909,2024-07-02,2024,7,2,184,14.9,24,13.2,24,NA,0,NA,0,8.5,24,2.7,24,4.1,NA,16,"*",13,"*",NA,NA,NA,0,1,0,0,0,0,1.5,1.7,89.6
"180","105130-99999","KOLN BONN","GM","GERMANY","DE","DEU","",50.866,7.143,92.04,19310101,20240909,2024-07-03,2024,7,3,185,13.9,24,10.9,24,NA,0,NA,0,10,24,2.6,24,5.7,NA,16,"*",12,"*",NA,NA,NA,0,1,0,0,0,0,1.3,1.6,82.1
"181","105130-99999","KOLN BONN","GM","GERMANY","DE","DEU","",50.866,7.143,92.04,19310101,20240909,2024-07-04,2024,7,4,186,16.1,24,11.4,24,NA,0,NA,0,10,24,4.1,24,8.8,17,21,"*",12,"*",NA,NA,NA,0,1,0,0,0,0,1.3,1.8,73.7
"182","105130-99999","KOLN BONN","GM","GERMANY","DE","DEU","",50.866,7.143,92.04,19310101,20240909,2024-07-05,2024,7,5,187,16.5,24,11.1,24,NA,0,NA,0,10,24,3.4,24,6.7,NA,21,"*",11,"*",NA,NA,NA,0,1,0,0,0,0,1.3,1.9,70.4
"183","105130-99999","KOLN BONN","GM","GERMANY","DE","DEU","",50.866,7.143,92.04,19310101,20240909,2024-07-06,2024,7,6,188,18.7,24,11.7,24,NA,0,NA,0,10,24,5.7,24,9.8,14.9,24,"*",13,"*",NA,NA,NA,0,1,0,0,1,0,1.4,2.2,63.8
"184","105130-99999","KOLN BONN","GM","GERMANY","DE","DEU","",50.866,7.143,92.04,19310101,20240909,2024-07-07,2024,7,7,189,16.1,24,7.7,24,NA,0,NA,0,10,24,3.2,24,5.7,NA,22,"*",9,"*",0,"I",NA,0,0,0,0,0,0,1,1.8,57.5
"185","105130-99999","KOLN BONN","GM","GERMANY","DE","DEU","",50.866,7.143,92.04,19310101,20240909,2024-07-08,2024,7,8,190,18,24,11.3,24,NA,0,NA,0,10,24,1.5,24,3.1,NA,24,"*",10,"*",NA,NA,NA,0,1,0,0,0,0,1.3,2.1,64.9
"186","105130-99999","KOLN BONN","GM","GERMANY","DE","DEU","",50.866,7.143,92.04,19310101,20240909,2024-07-09,2024,7,9,191,23.4,24,15,24,NA,0,NA,0,9.8,24,3.8,24,10.3,11.8,31,"*",14,"*",NA,NA,NA,0,1,0,0,1,0,1.7,2.9,59.3
"187","105130-99999","KOLN BONN","GM","GERMANY","DE","DEU","",50.866,7.143,92.04,19310101,20240909,2024-07-10,2024,7,10,192,20.9,24,18.2,24,NA,0,NA,0,9.7,24,2.2,24,7.7,NA,26,"*",18,"*",NA,NA,NA,0,1,0,1,1,0,2.1,2.5,84.6
"188","105130-99999","KOLN BONN","GM","GERMANY","DE","DEU","",50.866,7.143,92.04,19310101,20240909,2024-07-11,2024,7,11,193,20.3,24,15.1,24,NA,0,NA,0,10,24,2.2,24,5.1,11.3,25,"*",16,"*",0,"I",NA,0,0,0,0,0,0,1.7,2.4,72.1
"189","105130-99999","KOLN BONN","GM","GERMANY","DE","DEU","",50.866,7.143,92.04,19310101,20240909,2024-07-12,2024,7,12,194,16.3,24,14.2,24,NA,0,NA,0,9.8,24,3.7,24,11.3,17.5,23,"*",13,"*",NA,NA,NA,0,1,0,0,0,0,1.6,1.8,87.4
"190","105130-99999","KOLN BONN","GM","GERMANY","DE","DEU","",50.866,7.143,92.04,19310101,20240909,2024-07-13,2024,7,13,195,14.7,20,10.5,20,NA,0,NA,0,10,20,3.5,20,6.7,NA,19,"*",11,"*",0,"I",NA,0,0,0,0,0,0,1.3,1.7,75.9
"191","105130-99999","KOLN BONN","GM","GERMANY","DE","DEU","",50.866,7.143,92.04,19310101,20240909,2024-07-14,2024,7,14,196,18.2,19,12.2,19,NA,0,NA,0,10,19,1.9,19,4.1,NA,24,"*",11,"*",0,"I",NA,0,0,0,0,0,0,1.4,2.1,68
"192","105130-99999","KOLN BONN","GM","GERMANY","DE","DEU","",50.866,7.143,92.04,19310101,20240909,2024-07-15,2024,7,15,197,20.6,24,14.1,24,NA,0,NA,0,10,24,2.2,24,4.6,NA,28,"*",11,"*",NA,NA,NA,0,1,0,0,0,0,1.6,2.4,66.3
"193","105130-99999","KOLN BONN","GM","GERMANY","DE","DEU","",50.866,7.143,92.04,19310101,20240909,2024-07-16,2024,7,16,198,19.2,24,14.5,24,NA,0,NA,0,10,24,4.1,24,7.7,NA,23,"*",15,"*",NA,NA,NA,0,1,0,0,1,0,1.6,2.2,74.2
"194","105130-99999","KOLN BONN","GM","GERMANY","DE","DEU","",50.866,7.143,92.04,19310101,20240909,2024-07-17,2024,7,17,199,19.4,24,14.1,24,NA,0,NA,0,10,24,2.8,24,4.6,NA,24,"*",14,"*",0,"I",NA,0,0,0,0,0,0,1.6,2.2,71.4
"195","105130-99999","KOLN BONN","GM","GERMANY","DE","DEU","",50.866,7.143,92.04,19310101,20240909,2024-07-18,2024,7,18,200,21.2,24,14.6,24,NA,0,NA,0,10,24,1.7,24,3.1,NA,28,"*",13,"*",0,"I",NA,0,0,0,0,0,0,1.7,2.5,66
"196","105130-99999","KOLN BONN","GM","GERMANY","DE","DEU","",50.866,7.143,92.04,19310101,20240909,2024-07-19,2024,7,19,201,22.2,24,15.9,24,NA,0,NA,0,10,24,1.2,24,2.1,NA,28,"*",14,"*",0,"I",NA,0,0,0,0,0,0,1.8,2.7,67.5
"197","105130-99999","KOLN BONN","GM","GERMANY","DE","DEU","",50.866,7.143,92.04,19310101,20240909,2024-07-20,2024,7,20,202,25.8,20,17.8,20,NA,0,NA,0,10,20,2.4,20,7.7,NA,32,"*",16,"*",NA,NA,NA,0,1,0,0,1,0,2,3.3,61.3
"198","105130-99999","KOLN BONN","GM","GERMANY","DE","DEU","",50.866,7.143,92.04,19310101,20240909,2024-07-21,2024,7,21,203,22.3,24,18.3,24,NA,0,NA,0,10,24,2.7,24,7.2,11.3,28,"*",19,"*",NA,NA,NA,0,1,0,0,0,0,2.1,2.7,78.1
"199","105130-99999","KOLN BONN","GM","GERMANY","DE","DEU","",50.866,7.143,92.04,19310101,20240909,2024-07-22,2024,7,22,204,20.7,24,14.6,24,NA,0,NA,0,10,24,2.8,24,5.7,NA,25,"*",17,"*",NA,NA,NA,0,1,0,0,0,0,1.7,2.4,68.1
"200","105130-99999","KOLN BONN","GM","GERMANY","DE","DEU","",50.866,7.143,92.04,19310101,20240909,2024-07-23,2024,7,23,205,19.8,24,15.1,24,NA,0,NA,0,9.8,24,4.9,24,9.8,NA,25,"*",16,"*",NA,NA,NA,0,1,0,0,0,0,1.7,2.3,74.3
"201","105130-99999","KOLN BONN","GM","GERMANY","DE","DEU","",50.866,7.143,92.04,19310101,20240909,2024-07-24,2024,7,24,206,18.2,24,13.4,24,NA,0,NA,0,10,24,3,24,5.7,NA,23,"*",13,"*",0,"I",NA,0,0,0,0,0,0,1.5,2.1,73.6
"202","105130-99999","KOLN BONN","GM","GERMANY","DE","DEU","",50.866,7.143,92.04,19310101,20240909,2024-07-25,2024,7,25,207,19.6,24,12.9,24,NA,0,NA,0,10,24,1.9,24,3.1,NA,26,"*",11,"*",NA,NA,NA,0,1,0,0,0,0,1.5,2.3,65.2
"203","105130-99999","KOLN BONN","GM","GERMANY","DE","DEU","",50.866,7.143,92.04,19310101,20240909,2024-07-26,2024,7,26,208,20.4,24,16.4,24,NA,0,NA,0,10,24,2.2,24,4.6,NA,25,"*",17,"*",NA,NA,NA,0,1,0,0,0,0,1.9,2.4,77.8
"204","105130-99999","KOLN BONN","GM","GERMANY","DE","DEU","",50.866,7.143,92.04,19310101,20240909,2024-07-27,2024,7,27,209,18.9,24,17.8,24,NA,0,NA,0,9,24,2.1,24,4.1,NA,22,"*",16,"*",NA,NA,NA,0,1,0,0,0,0,2,2.2,93.3
"205","105130-99999","KOLN BONN","GM","GERMANY","DE","DEU","",50.866,7.143,92.04,19310101,20240909,2024-07-28,2024,7,28,210,18.5,24,13.6,24,NA,0,NA,0,9.5,24,2.4,24,4.1,NA,25,"*",13,"*",0,"I",NA,0,0,0,0,0,0,1.6,2.1,73.1
"206","105130-99999","KOLN BONN","GM","GERMANY","DE","DEU","",50.866,7.143,92.04,19310101,20240909,2024-07-29,2024,7,29,211,19.9,24,13.4,24,NA,0,NA,0,10,24,2,24,3.6,NA,27,"*",11,"*",0,"I",NA,0,0,0,0,0,0,1.5,2.3,66.2
"207","105130-99999","KOLN BONN","GM","GERMANY","DE","DEU","",50.866,7.143,92.04,19310101,20240909,2024-07-30,2024,7,30,212,23.4,24,15.7,24,NA,0,NA,0,10,24,1.8,24,3.6,NA,32,"*",15,"*",0,"I",NA,0,0,0,0,0,0,1.8,2.9,62
"208","105130-99999","KOLN BONN","GM","GERMANY","DE","DEU","",50.866,7.143,92.04,19310101,20240909,2024-07-31,2024,7,31,213,20.9,24,17.8,24,NA,0,NA,0,10,24,1.5,24,3.1,NA,25,"*",16,"*",NA,NA,NA,0,1,0,0,0,0,2,2.5,82.5
"209","105130-99999","KOLN BONN","GM","GERMANY","DE","DEU","",50.866,7.143,92.04,19310101,20240909,2024-08-01,2024,8,1,214,20.3,24,18.8,24,NA,0,NA,0,8.5,24,2.2,24,5.7,NA,24,"*",17,"*",NA,NA,NA,0,1,0,0,0,0,2.2,2.4,91.1
"210","105130-99999","KOLN BONN","GM","GERMANY","DE","DEU","",50.866,7.143,92.04,19310101,20240909,2024-08-02,2024,8,2,215,20.5,24,16.9,24,NA,0,NA,0,7.7,24,1.4,24,3.1,NA,26,"*",16,"*",0,"I",NA,1,0,0,0,0,0,1.9,2.4,79.8
"211","105130-99999","KOLN BONN","GM","GERMANY","DE","DEU","",50.866,7.143,92.04,19310101,20240909,2024-08-03,2024,8,3,216,19.9,24,16.8,24,NA,0,NA,0,8.2,24,2.4,24,6.2,NA,26,"*",15,"*",NA,NA,NA,0,1,0,0,0,0,1.9,2.3,82.3
"212","105130-99999","KOLN BONN","GM","GERMANY","DE","DEU","",50.866,7.143,92.04,19310101,20240909,2024-08-04,2024,8,4,217,18.6,24,15,24,NA,0,NA,0,10,24,2.5,24,5.1,NA,22,"*",15,"*",NA,NA,NA,0,1,0,0,0,0,1.7,2.1,79.6
"213","105130-99999","KOLN BONN","GM","GERMANY","DE","DEU","",50.866,7.143,92.04,19310101,20240909,2024-08-05,2024,8,5,218,21.1,24,14.9,24,NA,0,NA,0,10,24,1.5,24,2.6,NA,28,"*",15,"*",0,"I",NA,0,0,0,0,0,0,1.7,2.5,67.7
"214","105130-99999","KOLN BONN","GM","GERMANY","DE","DEU","",50.866,7.143,92.04,19310101,20240909,2024-08-06,2024,8,6,219,22.8,24,16.1,24,NA,0,NA,0,10,24,2.1,24,3.6,NA,29,"*",16,"*",0,"I",NA,0,0,0,0,0,0,1.8,2.8,65.9
"215","105130-99999","KOLN BONN","GM","GERMANY","DE","DEU","",50.866,7.143,92.04,19310101,20240909,2024-08-07,2024,8,7,220,19.4,24,16.2,24,NA,0,NA,0,10,24,2.2,24,8.8,NA,25,"*",15,"*",0,"I",NA,0,0,0,0,0,0,1.8,2.2,81.8
"216","105130-99999","KOLN BONN","GM","GERMANY","DE","DEU","",50.866,7.143,92.04,19310101,20240909,2024-08-08,2024,8,8,221,19.6,24,13.2,24,NA,0,NA,0,10,24,2.1,24,5.1,NA,24,"*",16,"*",0,"I",NA,0,0,0,0,0,0,1.5,2.3,66.5
"217","105130-99999","KOLN BONN","GM","GERMANY","DE","DEU","",50.866,7.143,92.04,19310101,20240909,2024-08-09,2024,8,9,222,22,24,15.8,24,NA,0,NA,0,10,24,4.4,24,7.2,NA,26,"*",18,"*",0,"I",NA,0,0,0,0,0,0,1.8,2.6,67.9
"218","105130-99999","KOLN BONN","GM","GERMANY","DE","DEU","",50.866,7.143,92.04,19310101,20240909,2024-08-10,2024,8,10,223,20.6,24,14.1,24,NA,0,NA,0,10,24,2.5,24,4.6,NA,27,"*",14,"*",0,"I",NA,0,0,0,0,0,0,1.6,2.4,66.3
"219","105130-99999","KOLN BONN","GM","GERMANY","DE","DEU","",50.866,7.143,92.04,19310101,20240909,2024-08-11,2024,8,11,224,22.2,21,15.6,21,NA,0,NA,0,10,21,1.4,21,3.6,NA,29,"*",14,"*",0,"I",NA,0,0,0,0,0,0,1.8,2.7,66.2
"220","105130-99999","KOLN BONN","GM","GERMANY","DE","DEU","",50.866,7.143,92.04,19310101,20240909,2024-08-13,2024,8,13,226,24.7,24,19.7,24,NA,0,NA,0,9.7,24,2.5,24,8.2,14.9,35,"*",19,"*",NA,NA,NA,0,1,0,1,1,0,2.3,3.1,73.8
"221","105130-99999","KOLN BONN","GM","GERMANY","DE","DEU","",50.866,7.143,92.04,19310101,20240909,2024-08-14,2024,8,14,227,21.3,24,17.7,24,NA,0,NA,0,10,24,2.6,24,6.2,NA,24,"*",16,"*",NA,NA,NA,0,1,0,1,1,0,2,2.5,80
"222","105130-99999","KOLN BONN","GM","GERMANY","DE","DEU","",50.866,7.143,92.04,19310101,20240909,2024-08-15,2024,8,15,228,21.6,24,16.7,24,NA,0,NA,0,10,24,1.6,24,3.1,NA,28,"*",14,"*",0,"I",NA,0,0,0,0,0,0,1.9,2.6,73.7
"223","105130-99999","KOLN BONN","GM","GERMANY","DE","DEU","",50.866,7.143,92.04,19310101,20240909,2024-08-16,2024,8,16,229,22,24,16.7,24,NA,0,NA,0,10,24,2.2,24,5.1,NA,27,"*",16,"*",NA,NA,NA,0,1,0,0,0,0,1.9,2.6,71.9
"224","105130-99999","KOLN BONN","GM","GERMANY","DE","DEU","",50.866,7.143,92.04,19310101,20240909,2024-08-17,2024,8,17,230,21.2,24,18.7,24,NA,0,NA,0,9.8,24,2,24,4.6,NA,24,"*",19,"*",NA,NA,NA,0,1,0,0,0,0,2.2,2.5,85.7
"225","105130-99999","KOLN BONN","GM","GERMANY","DE","DEU","",50.866,7.143,92.04,19310101,20240909,2024-08-18,2024,8,18,231,18.6,24,15.6,24,NA,0,NA,0,9.2,24,2.5,24,4.6,NA,23,"*",15,"*",NA,NA,NA,0,1,0,0,0,0,1.8,2.1,82.7
"226","105130-99999","KOLN BONN","GM","GERMANY","DE","DEU","",50.866,7.143,92.04,19310101,20240909,2024-08-19,2024,8,19,232,18.6,24,13.2,24,NA,0,NA,0,10,24,1.7,24,3.6,NA,24,"*",13,"*",0,"I",NA,0,0,0,0,0,0,1.5,2.1,70.8
"227","105130-99999","KOLN BONN","GM","GERMANY","DE","DEU","",50.866,7.143,92.04,19310101,20240909,2024-08-20,2024,8,20,233,22.2,19,15.4,19,NA,0,NA,0,10,19,3.4,19,7.2,11.3,27,"*",16,"*",NA,NA,NA,0,1,0,0,0,0,1.7,2.7,65.4
"228","105130-99999","KOLN BONN","GM","GERMANY","DE","DEU","",50.866,7.143,92.04,19310101,20240909,2024-08-21,2024,8,21,234,17.1,24,10.5,24,NA,0,NA,0,10,24,5.1,24,8.8,NA,21,"*",13,"*",0,"I",NA,0,0,0,0,0,0,1.3,1.9,65.1
"229","105130-99999","KOLN BONN","GM","GERMANY","DE","DEU","",50.866,7.143,92.04,19310101,20240909,2024-08-22,2024,8,22,235,18.6,24,11.1,24,NA,0,NA,0,10,24,3.3,24,6.2,NA,25,"*",12,"*",0,"I",NA,0,0,0,0,0,0,1.3,2.1,61.7
"230","105130-99999","KOLN BONN","GM","GERMANY","DE","DEU","",50.866,7.143,92.04,19310101,20240909,2024-08-23,2024,8,23,236,21,24,14.2,24,NA,0,NA,0,10,24,5.5,24,9.8,11.8,26,"*",15,"*",0,"I",NA,0,0,0,0,0,0,1.6,2.5,65.1
"231","105130-99999","KOLN BONN","GM","GERMANY","DE","DEU","",50.866,7.143,92.04,19310101,20240909,2024-08-24,2024,8,24,237,24.4,24,16.9,24,NA,0,NA,0,9.8,24,5.1,24,13.9,NA,32,"*",17,"*",NA,NA,NA,0,1,0,0,1,0,1.9,3.1,63
"232","105130-99999","KOLN BONN","GM","GERMANY","DE","DEU","",50.866,7.143,92.04,19310101,20240909,2024-08-25,2024,8,25,238,17.1,24,10.9,24,NA,0,NA,0,10,24,3.9,24,10.3,NA,22,"*",11,"*",0,"I",NA,0,0,0,0,0,0,1.3,1.9,66.9
"233","105130-99999","KOLN BONN","GM","GERMANY","DE","DEU","",50.866,7.143,92.04,19310101,20240909,2024-08-26,2024,8,26,239,15.9,24,10.8,24,NA,0,NA,0,10,24,1.3,24,3.1,NA,23,"*",9,"*",0,"I",NA,0,0,0,0,0,0,1.3,1.8,71.7
"234","105130-99999","KOLN BONN","GM","GERMANY","DE","DEU","",50.866,7.143,92.04,19310101,20240909,2024-08-27,2024,8,27,240,18.5,24,11.7,24,NA,0,NA,0,10,24,2,24,4.1,NA,27,"*",10,"*",0,"I",NA,0,0,0,0,0,0,1.4,2.1,64.6
"235","105130-99999","KOLN BONN","GM","GERMANY","DE","DEU","",50.866,7.143,92.04,19310101,20240909,2024-08-28,2024,8,28,241,22.1,24,14.9,24,NA,0,NA,0,10,24,2.4,24,6.7,NA,31,"*",12,"*",0,"I",NA,0,0,0,0,0,0,1.7,2.7,63.7
"236","105130-99999","KOLN BONN","GM","GERMANY","DE","DEU","",50.866,7.143,92.04,19310101,20240909,2024-08-29,2024,8,29,242,23.6,24,17.2,24,NA,0,NA,0,10,24,2.6,24,6.7,NA,32,"*",16,"*",0,"I",NA,0,0,0,0,0,0,2,2.9,67.4
"237","105130-99999","KOLN BONN","GM","GERMANY","DE","DEU","",50.866,7.143,92.04,19310101,20240909,2024-08-30,2024,8,30,243,19.2,24,16.6,24,NA,0,NA,0,9.8,24,2.8,24,4.6,NA,23,"*",16,"*",NA,NA,NA,0,1,0,0,0,0,1.9,2.2,84.9
"238","105130-99999","KOLN BONN","GM","GERMANY","DE","DEU","",50.866,7.143,92.04,19310101,20240909,2024-08-31,2024,8,31,244,21.6,24,16.7,24,NA,0,NA,0,10,24,2.2,24,3.6,NA,29,"*",15,"*",0,"I",NA,0,0,0,0,0,0,1.9,2.6,73.7
"239","105130-99999","KOLN BONN","GM","GERMANY","DE","DEU","",50.866,7.143,92.04,19310101,20240909,2024-09-01,2024,9,1,245,24.1,24,17.3,24,NA,0,NA,0,10,24,2.2,24,3.6,NA,31,"*",16,"*",0,"I",NA,0,0,0,0,0,0,2,3,65.8
"240","105130-99999","KOLN BONN","GM","GERMANY","DE","DEU","",50.866,7.143,92.04,19310101,20240909,2024-09-02,2024,9,2,246,22.1,24,18.3,24,NA,0,NA,0,10,24,1.6,24,7.7,NA,30,"*",17,"*",NA,NA,NA,0,1,0,1,1,0,2.1,2.7,79.1
"241","105130-99999","KOLN BONN","GM","GERMANY","DE","DEU","",50.866,7.143,92.04,19310101,20240909,2024-09-03,2024,9,3,247,21.8,24,17.7,24,NA,0,NA,0,9.8,24,2,24,5.7,NA,29,"*",16,"*",NA,NA,NA,0,1,0,0,0,0,2,2.6,77.5
"242","105130-99999","KOLN BONN","GM","GERMANY","DE","DEU","",50.866,7.143,92.04,19310101,20240909,2024-09-04,2024,9,4,248,18.1,24,17.4,24,NA,0,NA,0,8.5,24,2.4,24,4.1,NA,19,"*",17,"*",NA,NA,NA,0,1,0,0,0,0,2,2.1,95.7
"243","105130-99999","KOLN BONN","GM","GERMANY","DE","DEU","",50.866,7.143,92.04,19310101,20240909,2024-09-05,2024,9,5,249,22.3,24,17.5,24,NA,0,NA,0,9,24,2,24,4.1,NA,31,"*",16,"*",0,"I",NA,1,0,0,0,0,0,2,2.7,74.3
"244","105130-99999","KOLN BONN","GM","GERMANY","DE","DEU","",50.866,7.143,92.04,19310101,20240909,2024-09-06,2024,9,6,250,20.2,24,17.6,24,NA,0,NA,0,8.9,24,2.1,24,4.6,NA,24,"*",15,"*",0,"I",NA,0,0,0,0,0,0,2,2.4,85
"245","105130-99999","KOLN BONN","GM","GERMANY","DE","DEU","",50.866,7.143,92.04,19310101,20240909,2024-09-07,2024,9,7,251,20.8,24,15.8,24,NA,0,NA,0,10,24,2.2,24,4.6,NA,29,"*",13,"*",0,"I",NA,0,0,0,0,0,0,1.8,2.5,73.1
"246","105130-99999","KOLN BONN","GM","GERMANY","DE","DEU","",50.866,7.143,92.04,19310101,20240909,2024-09-08,2024,9,8,252,19.4,24,14.2,24,NA,0,NA,0,10,24,2.6,24,5.7,NA,24,"*",12,"*",NA,NA,NA,0,1,0,0,0,0,1.6,2.2,71.9
"247","105130-99999","KOLN BONN","GM","GERMANY","DE","DEU","",50.866,7.143,92.04,19310101,20240909,2024-09-09,2024,9,9,253,15.4,24,14.1,24,NA,0,NA,0,9.5,24,3.3,24,6.7,11.3,18,"*",11,"*",NA,NA,NA,0,1,0,0,0,0,1.6,1.7,92
"248","105130-99999","KOLN BONN","GM","GERMANY","DE","DEU","",50.866,7.143,92.04,19310101,20240909,2024-09-10,2024,9,10,254,15.4,24,11.2,24,NA,0,NA,0,10,24,4.7,24,7.7,NA,19,"*",13,"*",NA,NA,NA,0,1,0,0,0,0,1.3,1.7,76
"249","105130-99999","KOLN BONN","GM","GERMANY","DE","DEU","",50.866,7.143,92.04,19310101,20240909,2024-09-11,2024,9,11,255,12.3,24,8.7,24,NA,0,NA,0,9.8,24,5.4,24,11.3,16,16,"*",8,"*",NA,NA,NA,0,1,0,0,0,0,1.1,1.4,78.7
"250","105130-99999","KOLN BONN","GM","GERMANY","DE","DEU","",50.866,7.143,92.04,19310101,20240909,2024-09-12,2024,9,12,256,9.9,24,7.3,24,NA,0,NA,0,9.3,24,2.2,24,6.7,NA,15,"*",6,"*",NA,NA,NA,0,1,0,0,0,0,1,1.2,83.9
"251","105130-99999","KOLN BONN","GM","GERMANY","DE","DEU","",50.866,7.143,92.04,19310101,20240909,2024-09-13,2024,9,13,257,8.2,17,7.4,17,NA,0,NA,0,6.4,17,1.9,17,3.6,NA,14,"*",5,"*",0,"I",NA,1,0,0,0,0,0,1,1.1,94.7
"252","105130-99999","KOLN BONN","GM","GERMANY","DE","DEU","",50.866,7.143,92.04,19310101,20240909,2024-09-14,2024,9,14,258,10.2,24,6.7,24,NA,0,NA,0,10,24,2,24,5.1,NA,17,"*",5,"*",0,"I",NA,0,0,0,0,0,0,1,1.2,78.9
"253","105130-99999","KOLN BONN","GM","GERMANY","DE","DEU","",50.866,7.143,92.04,19310101,20240909,2024-09-15,2024,9,15,259,12.3,24,8.4,24,NA,0,NA,0,10,24,1.9,24,4.1,NA,18,"*",5,"*",0,"I",NA,0,0,0,0,0,0,1.1,1.4,77.1
"254","105130-99999","KOLN BONN","GM","GERMANY","DE","DEU","",50.866,7.143,92.04,19310101,20240909,2024-09-16,2024,9,16,260,16.2,24,12.1,24,NA,0,NA,0,10,24,2.4,24,5.7,8.8,21,"*",13,"*",0,"I",NA,0,0,0,0,0,0,1.4,1.8,76.7
"255","105130-99999","KOLN BONN","GM","GERMANY","DE","DEU","",50.866,7.143,92.04,19310101,20240909,2024-09-17,2024,9,17,261,16,24,13,24,NA,0,NA,0,10,24,3.4,24,7.7,NA,22,"*",12,"*",0,"I",NA,0,0,0,0,0,0,1.5,1.8,82.4
"256","105130-99999","KOLN BONN","GM","GERMANY","DE","DEU","",50.866,7.143,92.04,19310101,20240909,2024-09-18,2024,9,18,262,18,24,12,24,NA,0,NA,0,9.3,24,3.1,24,7.7,12.9,25,"*",10,"*",0,"I",NA,0,0,0,0,0,0,1.4,2.1,68
"257","105130-99999","KOLN BONN","GM","GERMANY","DE","DEU","",50.866,7.143,92.04,19310101,20240909,2024-09-19,2024,9,19,263,19.6,24,12.5,24,NA,0,NA,0,10,24,4.1,24,7.7,14.9,25,"*",15,"*",NA,NA,NA,0,1,0,0,0,0,1.4,2.3,63.6
"258","105130-99999","KOLN BONN","GM","GERMANY","DE","DEU","",50.866,7.143,92.04,19310101,20240909,2024-09-20,2024,9,20,264,18.2,24,11.8,24,NA,0,NA,0,10,24,3.1,24,5.1,NA,24,"*",12,"*",0,"I",NA,0,0,0,0,0,0,1.4,2.1,66.2
"259","105130-99999","KOLN BONN","GM","GERMANY","DE","DEU","",50.866,7.143,92.04,19310101,20240909,2024-09-21,2024,9,21,265,16.8,24,12.4,24,NA,0,NA,0,10,24,1.9,24,3.6,NA,25,"*",9,"*",0,"I",NA,0,0,0,0,0,0,1.4,1.9,75.3
"260","105130-99999","KOLN BONN","GM","GERMANY","DE","DEU","",50.866,7.143,92.04,19310101,20240909,2024-09-22,2024,9,22,266,17.3,24,12.5,24,NA,0,NA,0,10,24,1.6,24,3.6,NA,25,"*",11,"*",0,"I",NA,0,0,0,0,0,0,1.4,2,73.4
"261","105130-99999","KOLN BONN","GM","GERMANY","DE","DEU","",50.866,7.143,92.04,19310101,20240909,2024-09-23,2024,9,23,267,17.3,24,12.9,24,NA,0,NA,0,10,24,2.6,24,6.2,NA,22,"*",12,"*",NA,NA,NA,0,1,0,0,0,0,1.5,2,75.4
"262","105130-99999","KOLN BONN","GM","GERMANY","DE","DEU","",50.866,7.143,92.04,19310101,20240909,2024-09-24,2024,9,24,268,14.9,24,12.7,24,NA,0,NA,0,9.5,24,3.3,24,8.2,NA,19,"*",12,"*",NA,NA,NA,0,1,0,0,0,0,1.5,1.7,86.7
"263","105130-99999","KOLN BONN","GM","GERMANY","DE","DEU","",50.866,7.143,92.04,19310101,20240909,2024-09-25,2024,9,25,269,14.9,24,13.4,24,NA,0,NA,0,10,24,3.8,24,5.7,NA,18,"*",14,"*",NA,NA,NA,0,1,0,0,0,0,1.5,1.7,90.7
"264","105130-99999","KOLN BONN","GM","GERMANY","DE","DEU","",50.866,7.143,92.04,19310101,20240909,2024-09-26,2024,9,26,270,16,24,13.6,24,NA,0,NA,0,10,24,4.4,24,6.7,11.8,19,"*",13,"*",NA,NA,NA,0,1,0,0,0,0,1.6,1.8,85.7
"265","105130-99999","KOLN BONN","GM","GERMANY","DE","DEU","",50.866,7.143,92.04,19310101,20240909,2024-09-27,2024,9,27,271,14.1,24,9,24,NA,0,NA,0,10,24,6.4,24,11.8,17.5,18,"*",11,"*",NA,NA,NA,0,1,0,0,0,0,1.1,1.6,71.4
"266","105130-99999","KOLN BONN","GM","GERMANY","DE","DEU","",50.866,7.143,92.04,19310101,20240909,2024-09-28,2024,9,28,272,10.8,24,7.6,24,NA,0,NA,0,10,24,3.9,24,7.7,NA,15,"*",7,"*",NA,NA,NA,0,1,0,0,0,0,1,1.3,80.6
"267","105130-99999","KOLN BONN","GM","GERMANY","DE","DEU","",50.866,7.143,92.04,19310101,20240909,2024-09-29,2024,9,29,273,10,24,5.8,24,NA,0,NA,0,10,24,2.2,24,4.6,9.8,15,"*",4,"*",0,"I",NA,0,0,0,0,0,0,0.9,1.2,75.1
"268","105130-99999","KOLN BONN","GM","GERMANY","DE","DEU","",50.866,7.143,92.04,19310101,20240909,2024-09-30,2024,9,30,274,12.6,24,9.1,24,NA,0,NA,0,10,24,5.4,24,7.2,NA,15,"*",9,"*",NA,NA,NA,0,1,0,0,0,0,1.2,1.5,79.2
"269","105130-99999","KOLN BONN","GM","GERMANY","DE","DEU","",50.866,7.143,92.04,19310101,20240909,2024-10-01,2024,10,1,275,13.2,24,10.3,24,NA,0,NA,0,9.8,24,3.3,24,7.2,NA,16,"*",10,"*",NA,NA,NA,0,1,0,0,0,0,1.3,1.5,82.6
"270","105130-99999","KOLN BONN","GM","GERMANY","DE","DEU","",50.866,7.143,92.04,19310101,20240909,2024-10-02,2024,10,2,276,11.2,24,9.5,24,NA,0,NA,0,10,24,2.1,24,4.1,NA,15,"*",8,"*",NA,NA,NA,0,1,0,0,0,0,1.2,1.3,89.3
"271","105130-99999","KOLN BONN","GM","GERMANY","DE","DEU","",50.866,7.143,92.04,19310101,20240909,2024-10-03,2024,10,3,277,9.9,24,6.9,24,NA,0,NA,0,10,24,2.5,24,5.7,NA,13,"*",6,"*",0,"I",NA,0,0,0,0,0,0,1,1.2,81.6
"272","105130-99999","KOLN BONN","GM","GERMANY","DE","DEU","",50.866,7.143,92.04,19310101,20240909,2024-10-04,2024,10,4,278,9.5,24,7.1,24,NA,0,NA,0,10,24,1.9,24,4.1,NA,15,"*",4,"*",0,"I",NA,0,0,0,0,0,0,1,1.2,85
"273","105130-99999","KOLN BONN","GM","GERMANY","DE","DEU","",50.866,7.143,92.04,19310101,20240909,2024-10-05,2024,10,5,279,8.7,24,5.4,24,NA,0,NA,0,10,24,1.6,24,3.6,NA,16,"*",2,"*",0,"I",NA,0,0,0,0,0,0,0.9,1.1,79.8
"274","105130-99999","KOLN BONN","GM","GERMANY","DE","DEU","",50.866,7.143,92.04,19310101,20240909,2024-10-06,2024,10,6,280,10.2,24,6.9,24,NA,0,NA,0,10,24,4.1,24,8.2,11.8,15,"*",6,"*",NA,NA,NA,0,1,0,0,0,0,1,1.2,80
"275","105130-99999","KOLN BONN","GM","GERMANY","DE","DEU","",50.866,7.143,92.04,19310101,20240909,2024-10-07,2024,10,7,281,16.1,24,12.8,24,NA,0,NA,0,10,24,3.5,24,5.7,NA,20,"*",12,"*",NA,NA,NA,0,1,0,0,0,0,1.5,1.8,80.8
"276","105130-99999","KOLN BONN","GM","GERMANY","DE","DEU","",50.866,7.143,92.04,19310101,20240909,2024-10-08,2024,10,8,282,16.6,24,13.3,24,NA,0,NA,0,10,24,3.9,24,6.7,NA,20,"*",14,"*",NA,NA,NA,0,1,0,0,0,0,1.5,1.9,80.9
"277","105130-99999","KOLN BONN","GM","GERMANY","DE","DEU","",50.866,7.143,92.04,19310101,20240909,2024-10-09,2024,10,9,283,14.1,24,13.1,24,NA,0,NA,0,10,24,5.2,24,6.7,NA,16,"*",13,"*",NA,NA,NA,0,1,0,0,0,0,1.5,1.6,93.7
"278","105130-99999","KOLN BONN","GM","GERMANY","DE","DEU","",50.866,7.143,92.04,19310101,20240909,2024-10-10,2024,10,10,284,12.8,24,10.7,24,NA,0,NA,0,9.7,24,5.2,24,8.8,NA,15,"*",9,"*",NA,NA,NA,0,1,0,0,0,0,1.3,1.5,87.1
"279","105130-99999","KOLN BONN","GM","GERMANY","DE","DEU","",50.866,7.143,92.04,19310101,20240909,2024-10-11,2024,10,11,285,9.2,24,6.4,24,NA,0,NA,0,9.3,24,1.7,24,3.1,NA,14,"*",5,"*",NA,NA,NA,1,1,0,0,0,0,1,1.2,82.6
"280","105130-99999","KOLN BONN","GM","GERMANY","DE","DEU","",50.866,7.143,92.04,19310101,20240909,2024-10-12,2024,10,12,286,8.6,24,6.5,24,NA,0,NA,0,10,24,3.7,24,5.7,NA,13,"*",3,"*",NA,NA,NA,0,1,0,0,0,0,1,1.1,86.7
"281","105130-99999","KOLN BONN","GM","GERMANY","DE","DEU","",50.866,7.143,92.04,19310101,20240909,2024-10-13,2024,10,13,287,9.7,24,6.1,24,NA,0,NA,0,10,24,5.6,24,9.8,13.9,12,"*",5,"*",NA,NA,NA,0,1,0,0,0,0,0.9,1.2,78.3
"282","105130-99999","KOLN BONN","GM","GERMANY","DE","DEU","",50.866,7.143,92.04,19310101,20240909,2024-10-14,2024,10,14,288,8.1,24,6.8,24,NA,0,NA,0,9.3,24,1.9,24,5.7,NA,11,"*",4,"*",NA,NA,NA,1,1,0,0,0,0,1,1.1,91.5
"283","105130-99999","KOLN BONN","GM","GERMANY","DE","DEU","",50.866,7.143,92.04,19310101,20240909,2024-10-15,2024,10,15,289,10.2,24,8.2,24,NA,0,NA,0,9.7,24,3.7,24,7.2,NA,12,"*",7,"*",0,"I",NA,0,0,0,0,0,0,1.1,1.2,87.4
"284","105130-99999","KOLN BONN","GM","GERMANY","DE","DEU","",50.866,7.143,92.04,19310101,20240909,2024-10-16,2024,10,16,290,15.2,24,11.2,24,NA,0,NA,0,10,24,5.2,24,8.8,10.8,19,"*",13,"*",NA,NA,NA,0,1,0,0,0,0,1.3,1.7,77
"285","105130-99999","KOLN BONN","GM","GERMANY","DE","DEU","",50.866,7.143,92.04,19310101,20240909,2024-10-17,2024,10,17,291,17,24,14.2,24,NA,0,NA,0,9.8,24,3.5,24,6.7,NA,21,"*",13,"*",NA,NA,NA,0,1,0,0,0,0,1.6,1.9,83.6
"286","105130-99999","KOLN BONN","GM","GERMANY","DE","DEU","",50.866,7.143,92.04,19310101,20240909,2024-10-18,2024,10,18,292,14.2,24,12.9,24,NA,0,NA,0,9.3,24,1.3,24,3.1,NA,19,"*",10,"*",NA,NA,NA,1,1,0,0,0,0,1.5,1.6,91.9
"287","105130-99999","KOLN BONN","GM","GERMANY","DE","DEU","",50.866,7.143,92.04,19310101,20240909,2024-10-19,2024,10,19,293,14.2,24,12.4,24,NA,0,NA,0,9,24,2.6,24,5.7,NA,18,"*",11,"*",NA,NA,NA,0,1,0,0,0,0,1.4,1.6,88.9
"288","105130-99999","KOLN BONN","GM","GERMANY","DE","DEU","",50.866,7.143,92.04,19310101,20240909,2024-10-20,2024,10,20,294,14.4,24,11.7,24,NA,0,NA,0,10,24,3.7,24,7.2,NA,18,"*",10,"*",NA,NA,NA,0,1,0,0,0,0,1.4,1.6,83.8
"289","105130-99999","KOLN BONN","GM","GERMANY","DE","DEU","",50.866,7.143,92.04,19310101,20240909,2024-10-21,2024,10,21,295,15.8,24,13.8,24,NA,0,NA,0,10,24,3.5,24,5.7,NA,19,"*",13,"*",NA,NA,NA,0,1,0,0,0,0,1.6,1.8,87.9
"290","105130-99999","KOLN BONN","GM","GERMANY","DE","DEU","",50.866,7.143,92.04,19310101,20240909,2024-10-22,2024,10,22,296,12.2,24,9.8,24,NA,0,NA,0,10,24,2.9,24,8.8,NA,16,"*",8,"*",NA,NA,NA,0,1,0,0,0,0,1.2,1.4,85.3
"291","105130-99999","KOLN BONN","GM","GERMANY","DE","DEU","",50.866,7.143,92.04,19310101,20240909,2024-10-23,2024,10,23,297,10.1,24,7.8,24,NA,0,NA,0,10,24,1.4,24,3.1,NA,16,"*",5,"*",0,"I",NA,0,0,0,0,0,0,1.1,1.2,85.6
"292","105130-99999","KOLN BONN","GM","GERMANY","DE","DEU","",50.866,7.143,92.04,19310101,20240909,2024-10-24,2024,10,24,298,10.6,24,8.6,24,NA,0,NA,0,10,24,3.2,24,6.2,NA,14,"*",4,"*",0,"I",NA,0,0,0,0,0,0,1.1,1.3,87.4
"293","105130-99999","KOLN BONN","GM","GERMANY","DE","DEU","",50.866,7.143,92.04,19310101,20240909,2024-10-25,2024,10,25,299,14.7,24,11.9,24,NA,0,NA,0,10,24,3.4,24,7.2,NA,20,"*",11,"*",0,"I",NA,0,0,0,0,0,0,1.4,1.7,83.3
"294","105130-99999","KOLN BONN","GM","GERMANY","DE","DEU","",50.866,7.143,92.04,19310101,20240909,2024-10-26,2024,10,26,300,13.4,24,10.7,24,NA,0,NA,0,10,24,3.1,24,5.7,NA,18,"*",11,"*",0,"I",NA,0,0,0,0,0,0,1.3,1.5,83.7
"295","105130-99999","KOLN BONN","GM","GERMANY","DE","DEU","",50.866,7.143,92.04,19310101,20240909,2024-10-27,2024,10,27,301,13.6,24,12.4,24,NA,0,NA,0,9.8,24,1.4,24,3.6,NA,16,"*",12,"*",NA,NA,NA,0,1,0,0,0,0,1.4,1.6,92.5
"296","105130-99999","KOLN BONN","GM","GERMANY","DE","DEU","",50.866,7.143,92.04,19310101,20240909,2024-10-28,2024,10,28,302,13.9,24,12.1,24,NA,0,NA,0,9,24,2,24,4.1,NA,17,"*",8,"*",NA,NA,NA,0,1,0,0,0,0,1.4,1.6,88.9
"297","105130-99999","KOLN BONN","GM","GERMANY","DE","DEU","",50.866,7.143,92.04,19310101,20240909,2024-10-29,2024,10,29,303,13.2,24,11.1,24,NA,0,NA,0,10,24,1.8,24,3.6,NA,17,"*",9,"*",NA,NA,NA,0,1,0,0,0,0,1.3,1.5,87.1
"298","105130-99999","KOLN BONN","GM","GERMANY","DE","DEU","",50.866,7.143,92.04,19310101,20240909,2024-10-30,2024,10,30,304,13.1,24,12.1,24,NA,0,NA,0,8.2,24,1.6,24,2.6,NA,14,"*",12,"*",NA,NA,NA,0,1,0,0,0,0,1.4,1.5,93.7
"299","105130-99999","KOLN BONN","GM","GERMANY","DE","DEU","",50.866,7.143,92.04,19310101,20240909,2024-10-31,2024,10,31,305,12.3,24,10,24,NA,0,NA,0,10,24,1.7,24,4.6,NA,17,"*",8,"*",0,"I",NA,0,0,0,0,0,0,1.2,1.4,85.9
"300","105130-99999","KOLN BONN","GM","GERMANY","DE","DEU","",50.866,7.143,92.04,19310101,20240909,2024-11-01,2024,11,1,306,8.8,24,8.3,24,NA,0,NA,0,6.8,24,1.1,24,3.6,NA,10,"*",5,"*",NA,NA,NA,0,1,0,0,0,0,1.1,1.1,96.7
"301","105130-99999","KOLN BONN","GM","GERMANY","DE","DEU","",50.866,7.143,92.04,19310101,20240909,2024-11-02,2024,11,2,307,10.4,24,9.3,24,NA,0,NA,0,7.7,24,1.3,24,3.6,NA,13,"*",6,"*",NA,NA,NA,0,1,0,0,0,0,1.2,1.3,92.9
"302","105130-99999","KOLN BONN","GM","GERMANY","DE","DEU","",50.866,7.143,92.04,19310101,20240909,2024-11-03,2024,11,3,308,7.9,24,5.4,24,NA,0,NA,0,10,24,2.2,24,4.6,NA,14,"*",4,"*",0,"I",NA,0,0,0,0,0,0,0.9,1.1,84.2
"303","105130-99999","KOLN BONN","GM","GERMANY","DE","DEU","",50.866,7.143,92.04,19310101,20240909,2024-11-04,2024,11,4,309,7.2,23,4.3,23,NA,0,NA,0,9.8,23,2.1,23,4.6,NA,15,"*",1,"*",0,"I",NA,0,0,0,0,0,0,0.8,1,81.8
"304","105130-99999","KOLN BONN","GM","GERMANY","DE","DEU","",50.866,7.143,92.04,19310101,20240909,2024-11-05,2024,11,5,310,5.9,24,3.4,24,NA,0,NA,0,10,24,3.3,24,6.7,NA,9,"*",3,"*",0,"I",NA,0,0,0,0,0,0,0.8,0.9,84
"305","105130-99999","KOLN BONN","GM","GERMANY","DE","DEU","",50.866,7.143,92.04,19310101,20240909,2024-11-06,2024,11,6,311,6.8,24,6.2,24,NA,0,NA,0,5.8,24,1.3,24,2.1,NA,8,"*",5,"*",NA,NA,NA,0,1,0,0,0,0,0.9,1,96
"306","105130-99999","KOLN BONN","GM","GERMANY","DE","DEU","",50.866,7.143,92.04,19310101,20240909,2024-11-07,2024,11,7,312,5.7,24,4.1,24,NA,0,NA,0,9.2,24,2.4,24,3.6,NA,7,"*",4,"*",0,"I",NA,0,0,0,0,0,0,0.8,0.9,89.4
"307","105130-99999","KOLN BONN","GM","GERMANY","DE","DEU","",50.866,7.143,92.04,19310101,20240909,2024-11-08,2024,11,8,313,5.7,24,2.7,24,NA,0,NA,0,10,24,3.1,24,5.1,NA,7,"*",5,"*",0,"I",NA,0,0,0,0,0,0,0.7,0.9,81
"308","105130-99999","KOLN BONN","GM","GERMANY","DE","DEU","",50.866,7.143,92.04,19310101,20240909,2024-11-09,2024,11,9,314,8.3,24,5.9,24,NA,0,NA,0,10,24,2.9,24,4.1,NA,10,"*",7,"*",0,"I",NA,0,0,0,0,0,0,0.9,1.1,84.8
"309","105130-99999","KOLN BONN","GM","GERMANY","DE","DEU","",50.866,7.143,92.04,19310101,20240909,2024-11-10,2024,11,10,315,8.3,24,6.7,24,NA,0,NA,0,9.5,24,1.8,24,3.1,NA,10,"*",6,"*",NA,NA,NA,0,1,0,0,0,0,1,1.1,89.7
"310","105130-99999","KOLN BONN","GM","GERMANY","DE","DEU","",50.866,7.143,92.04,19310101,20240909,2024-11-11,2024,11,11,316,8.7,24,7.1,24,NA,0,NA,0,9,24,2.7,24,6.2,NA,12,"*",8,"*",NA,NA,NA,0,1,0,0,0,0,1,1.1,89.7
"311","105130-99999","KOLN BONN","GM","GERMANY","DE","DEU","",50.866,7.143,92.04,19310101,20240909,2024-11-12,2024,11,12,317,8.4,24,5.8,24,NA,0,NA,0,9.8,24,2.5,24,5.1,NA,11,"*",7,"*",NA,NA,NA,0,1,0,0,0,0,0.9,1.1,83.7
"312","105130-99999","KOLN BONN","GM","GERMANY","DE","DEU","",50.866,7.143,92.04,19310101,20240909,2024-11-13,2024,11,13,318,7.1,24,4.9,24,NA,0,NA,0,7.7,24,2.2,24,4.1,NA,9,"*",5,"*",NA,NA,NA,0,1,0,0,0,0,0.9,1,85.9
"313","105130-99999","KOLN BONN","GM","GERMANY","DE","DEU","",50.866,7.143,92.04,19310101,20240909,2024-11-14,2024,11,14,319,8.9,24,7.6,24,NA,0,NA,0,7.4,24,2.6,24,4.1,NA,10,"*",8,"*",NA,NA,NA,0,1,0,0,0,0,1,1.1,91.6
"314","105130-99999","KOLN BONN","GM","GERMANY","DE","DEU","",50.866,7.143,92.04,19310101,20240909,2024-11-15,2024,11,15,320,8.1,24,6.1,24,NA,0,NA,0,9.2,24,1.5,24,2.6,NA,9,"*",7,"*",0,"I",NA,0,0,0,0,0,0,0.9,1.1,87.2
"315","105130-99999","KOLN BONN","GM","GERMANY","DE","DEU","",50.866,7.143,92.04,19310101,20240909,2024-11-16,2024,11,16,321,6.6,24,2.3,24,NA,0,NA,0,10,24,3,24,4.6,NA,7,"*",6,"*",NA,NA,NA,0,1,0,0,0,0,0.7,1,74
"316","105130-99999","KOLN BONN","GM","GERMANY","DE","DEU","",50.866,7.143,92.04,19310101,20240909,2024-11-17,2024,11,17,322,6.8,22,4.8,22,NA,0,NA,0,9.8,22,4.7,22,8.2,12.4,9,"*",5,"*",NA,NA,NA,0,1,0,0,0,0,0.9,1,87.1
"317","105130-99999","KOLN BONN","GM","GERMANY","DE","DEU","",50.866,7.143,92.04,19310101,20240909,2024-11-22,2024,11,22,327,1.4,24,-1.2,24,NA,0,NA,0,10,24,5,24,13.4,NA,4,"*",-2,"*",NA,NA,NA,0,1,1,0,0,0,0.6,0.7,82.8
"318","105130-99999","KOLN BONN","GM","GERMANY","DE","DEU","",50.866,7.143,92.04,19310101,20240909,2024-11-23,2024,11,23,328,3.5,24,-0.1,24,NA,0,NA,0,9.8,24,4.5,24,7.7,NA,10,"*",0,"*",NA,NA,NA,0,1,0,0,0,0,0.6,0.8,77.3
"319","105130-99999","KOLN BONN","GM","GERMANY","DE","DEU","",50.866,7.143,92.04,19310101,20240909,2024-11-24,2024,11,24,329,14.7,24,6.4,24,NA,0,NA,0,10,24,6.8,24,9.8,13.9,18,"*",10,"*",NA,NA,NA,0,1,0,0,0,0,1,1.7,57.5
"320","105130-99999","KOLN BONN","GM","GERMANY","DE","DEU","",50.866,7.143,92.04,19310101,20240909,2024-11-25,2024,11,25,330,14.1,24,7.6,24,NA,0,NA,0,9.8,24,6.4,24,11.3,16.5,18,"*",8,"*",NA,NA,NA,0,1,0,0,0,0,1,1.6,64.9
"321","105130-99999","KOLN BONN","GM","GERMANY","DE","DEU","",50.866,7.143,92.04,19310101,20240909,2024-11-26,2024,11,26,331,8.1,24,5.2,24,NA,0,NA,0,10,24,3,24,6.2,NA,11,"*",5,"*",NA,NA,NA,0,1,0,0,0,0,0.9,1.1,81.9
"322","105130-99999","KOLN BONN","GM","GERMANY","DE","DEU","",50.866,7.143,92.04,19310101,20240909,2024-11-27,2024,11,27,332,8.6,24,5.6,24,NA,0,NA,0,10,24,5.9,24,11.3,16.5,12,"*",5,"*",NA,NA,NA,0,1,0,0,0,0,0.9,1.1,81.4
"323","105130-99999","KOLN BONN","GM","GERMANY","DE","DEU","",50.866,7.143,92.04,19310101,20240909,2024-11-28,2024,11,28,333,7,24,3.7,24,NA,0,NA,0,10,24,5.9,24,8.8,NA,8,"*",5,"*",NA,NA,NA,0,1,0,0,0,0,0.8,1,79.5
"324","105130-99999","KOLN BONN","GM","GERMANY","DE","DEU","",50.866,7.143,92.04,19310101,20240909,2024-11-29,2024,11,29,334,3.3,24,0.8,24,NA,0,NA,0,9,24,2.3,24,4.6,NA,7,"*",-1,"*",0,"I",NA,0,0,0,0,0,0,0.6,0.8,83.7
"325","105130-99999","KOLN BONN","GM","GERMANY","DE","DEU","",50.866,7.143,92.04,19310101,20240909,2024-11-30,2024,11,30,335,3.9,22,-0.6,22,NA,0,NA,0,10,22,4.4,22,7.2,NA,7,"*",2,"*",0,"I",NA,0,0,0,0,0,0,0.6,0.8,72.5
"326","105130-99999","KOLN BONN","GM","GERMANY","DE","DEU","",50.866,7.143,92.04,19310101,20240909,2024-12-02,2024,12,2,337,7.9,24,5.3,24,NA,0,NA,0,10,24,3.9,24,6.2,NA,11,"*",5,"*",NA,NA,NA,0,1,0,0,0,0,0.9,1.1,83.6
"327","105130-99999","KOLN BONN","GM","GERMANY","DE","DEU","",50.866,7.143,92.04,19310101,20240909,2024-12-03,2024,12,3,338,6.2,19,3.5,19,NA,0,NA,0,9.8,19,4.2,19,8.8,NA,8,"*",2,"*",NA,NA,NA,0,1,0,0,0,0,0.8,0.9,82.8
"328","105130-99999","KOLN BONN","GM","GERMANY","DE","DEU","",50.866,7.143,92.04,19310101,20240909,2024-12-04,2024,12,4,339,3.3,24,2,24,NA,0,NA,0,8.9,24,1.7,24,3.6,NA,5,"*",0,"*",NA,NA,NA,0,1,0,0,0,0,0.7,0.8,91.2
"329","105130-99999","KOLN BONN","GM","GERMANY","DE","DEU","",50.866,7.143,92.04,19310101,20240909,2024-12-05,2024,12,5,340,4,24,2.3,24,NA,0,NA,0,9.5,24,4.5,24,7.2,NA,6,"*",2,"*",NA,NA,NA,0,1,0,0,0,0,0.7,0.8,88.7
"330","105130-99999","KOLN BONN","GM","GERMANY","DE","DEU","",50.866,7.143,92.04,19310101,20240909,2024-12-06,2024,12,6,341,7.4,24,3.9,24,NA,0,NA,0,9.8,24,8.8,24,13.9,20.1,9,"*",4,"*",NA,NA,NA,0,1,0,0,0,0,0.8,1,78.5
"331","105130-99999","KOLN BONN","GM","GERMANY","DE","DEU","",50.866,7.143,92.04,19310101,20240909,2024-12-07,2024,12,7,342,7.1,24,3.7,24,NA,0,NA,0,10,24,5.2,24,7.7,14.4,10,"*",4,"*",NA,NA,NA,0,1,0,0,0,0,0.8,1,79
"332","105130-99999","KOLN BONN","GM","GERMANY","DE","DEU","",50.866,7.143,92.04,19310101,20240909,2024-12-08,2024,12,8,343,5.4,24,2.9,24,NA,0,NA,0,10,24,3.8,24,7.2,NA,8,"*",4,"*",NA,NA,NA,0,1,0,0,0,0,0.8,0.9,83.9
"333","105130-99999","KOLN BONN","GM","GERMANY","DE","DEU","",50.866,7.143,92.04,19310101,20240909,2024-12-09,2024,12,9,344,4.9,24,2.1,24,NA,0,NA,0,10,24,3.8,24,7.2,NA,7,"*",3,"*",NA,NA,NA,0,1,0,0,0,0,0.7,0.9,82.1
"334","105130-99999","KOLN BONN","GM","GERMANY","DE","DEU","",50.866,7.143,92.04,19310101,20240909,2024-12-10,2024,12,10,345,5.5,24,2.8,24,NA,0,NA,0,10,24,2.8,24,4.1,NA,7,"*",5,"*",NA,NA,NA,0,1,0,0,0,0,0.7,0.9,82.8
"335","105130-99999","KOLN BONN","GM","GERMANY","DE","DEU","",50.866,7.143,92.04,19310101,20240909,2024-12-11,2024,12,11,346,3.5,24,0.1,24,NA,0,NA,0,10,24,1.6,24,4.1,NA,5,"*",2,"*",0,"I",NA,0,0,0,0,0,0,0.6,0.8,78.4
"336","105130-99999","KOLN BONN","GM","GERMANY","DE","DEU","",50.866,7.143,92.04,19310101,20240909,2024-12-12,2024,12,12,347,1.6,24,-1.4,24,NA,0,NA,0,10,24,1.6,24,3.1,NA,2,"*",0,"*",0,"I",NA,0,0,0,0,0,0,0.6,0.7,80.5
"337","105130-99999","KOLN BONN","GM","GERMANY","DE","DEU","",50.866,7.143,92.04,19310101,20240909,2024-12-13,2024,12,13,348,0.4,24,-2.2,24,NA,0,NA,0,10,24,3.7,24,5.7,NA,2,"*",-1,"*",0,"I",NA,0,0,0,0,0,0,0.5,0.6,82.7
"338","105130-99999","KOLN BONN","GM","GERMANY","DE","DEU","",50.866,7.143,92.04,19310101,20240909,2024-12-14,2024,12,14,349,2.1,24,0.1,24,NA,0,NA,0,9.7,24,4,24,7.2,NA,5,"*",-1,"*",NA,NA,NA,0,1,1,0,0,0,0.6,0.7,86.6
"339","105130-99999","KOLN BONN","GM","GERMANY","DE","DEU","",50.866,7.143,92.04,19310101,20240909,2024-12-15,2024,12,15,350,6.5,24,4.7,24,NA,0,NA,0,10,24,4,24,6.7,NA,9,"*",3,"*",NA,NA,NA,0,1,0,0,0,0,0.9,1,88.3
"340","105130-99999","KOLN BONN","GM","GERMANY","DE","DEU","",50.866,7.143,92.04,19310101,20240909,2024-12-16,2024,12,16,351,10.2,24,7.6,24,NA,0,NA,0,9.8,24,6.7,24,9.3,NA,11,"*",9,"*",NA,NA,NA,0,1,0,0,0,0,1,1.2,83.9
"341","105130-99999","KOLN BONN","GM","GERMANY","DE","DEU","",50.866,7.143,92.04,19310101,20240909,2024-12-17,2024,12,17,352,8.1,24,5.7,24,NA,0,NA,0,10,24,3.2,24,6.2,NA,9,"*",6,"*",NA,NA,NA,0,1,0,0,0,0,0.9,1.1,84.8
"342","105130-99999","KOLN BONN","GM","GERMANY","DE","DEU","",50.866,7.143,92.04,19310101,20240909,2024-12-18,2024,12,18,353,9.6,20,5.9,20,NA,0,NA,0,10,20,5.2,20,8.2,NA,13,"*",6,"*",NA,NA,NA,0,1,0,0,0,0,0.9,1.2,77.7
"343","105130-99999","KOLN BONN","GM","GERMANY","DE","DEU","",50.866,7.143,92.04,19310101,20240909,2024-12-19,2024,12,19,354,9.3,24,6.3,24,NA,0,NA,0,10,24,6.9,24,12.4,17.5,15,"*",4,"*",NA,NA,NA,0,1,0,0,0,0,1,1.2,81.5
"344","105130-99999","KOLN BONN","GM","GERMANY","DE","DEU","",50.866,7.143,92.04,19310101,20240909,2024-12-20,2024,12,20,355,4.1,24,1.2,24,NA,0,NA,0,10,24,5,24,7.7,NA,6,"*",1,"*",NA,NA,NA,0,1,0,0,0,0,0.7,0.8,81.4
"345","105130-99999","KOLN BONN","GM","GERMANY","DE","DEU","",50.866,7.143,92.04,19310101,20240909,2024-12-21,2024,12,21,356,7.4,24,4.2,24,NA,0,NA,0,9.8,24,5.2,24,8.2,NA,9,"*",5,"*",NA,NA,NA,0,1,0,0,0,0,0.8,1,80.1
"346","105130-99999","KOLN BONN","GM","GERMANY","DE","DEU","",50.866,7.143,92.04,19310101,20240909,2024-12-22,2024,12,22,357,4.8,24,2.2,24,NA,0,NA,0,10,24,5.4,24,9.3,14.9,9,"*",2,"*",NA,NA,NA,0,1,1,0,0,0,0.7,0.9,83.3
"347","105130-99999","KOLN BONN","GM","GERMANY","DE","DEU","",50.866,7.143,92.04,19310101,20240909,2024-12-23,2024,12,23,358,4.1,24,1.9,24,NA,0,NA,0,9.7,24,4.1,24,9.3,14.4,7,"*",2,"*",NA,NA,NA,0,1,0,0,0,0,0.7,0.8,85.6
"348","105130-99999","KOLN BONN","GM","GERMANY","DE","DEU","",50.866,7.143,92.04,19310101,20240909,2024-12-24,2024,12,24,359,4.3,24,3.1,24,NA,0,NA,0,8.9,24,2.2,24,4.1,NA,6,"*",3,"*",NA,NA,NA,0,1,0,0,0,0,0.8,0.8,91.9
"349","105130-99999","KOLN BONN","GM","GERMANY","DE","DEU","",50.866,7.143,92.04,19310101,20240909,2024-12-25,2024,12,25,360,6.1,24,5.2,24,NA,0,NA,0,8.5,24,2.5,24,4.1,NA,8,"*",5,"*",NA,NA,NA,0,1,0,0,0,0,0.9,0.9,94
"350","105130-99999","KOLN BONN","GM","GERMANY","DE","DEU","",50.866,7.143,92.04,19310101,20240909,2024-12-26,2024,12,26,361,5.1,24,3.3,24,NA,0,NA,0,10,24,2.5,24,4.1,NA,9,"*",0,"*",0,"I",NA,0,0,0,0,0,0,0.8,0.9,88.1
"351","105130-99999","KOLN BONN","GM","GERMANY","DE","DEU","",50.866,7.143,92.04,19310101,20240909,2024-12-27,2024,12,27,362,2.3,24,-0.8,24,NA,0,NA,0,10,24,1.9,24,3.1,NA,8,"*",-2,"*",0,"I",NA,0,0,0,0,0,0,0.6,0.7,80
"352","105130-99999","KOLN BONN","GM","GERMANY","DE","DEU","",50.866,7.143,92.04,19310101,20240909,2024-12-28,2024,12,28,363,0.7,24,-2.2,24,NA,0,NA,0,10,24,1.5,24,4.1,NA,6,"*",-3,"*",0,"I",NA,0,0,0,0,0,0,0.5,0.6,80.9
"353","105130-99999","KOLN BONN","GM","GERMANY","DE","DEU","",50.866,7.143,92.04,19310101,20240909,2024-12-29,2024,12,29,364,-0.7,24,-1.4,24,NA,0,NA,0,7.2,24,1.6,24,3.6,NA,1,"*",-3,"*",NA,NA,NA,1,1,0,0,0,0,0.6,0.6,95
"354","105130-99999","KOLN BONN","GM","GERMANY","DE","DEU","",50.866,7.143,92.04,19310101,20240909,2024-12-30,2024,12,30,365,0.2,24,-0.6,24,NA,0,NA,0,7.9,24,3.6,24,5.1,NA,1,"*",-1,"*",NA,NA,NA,0,1,0,0,0,0,0.6,0.6,94.4
"355","105130-99999","KOLN BONN","GM","GERMANY","DE","DEU","",50.866,7.143,92.04,19310101,20240909,2024-12-31,2024,12,31,366,0.5,24,-1.7,24,NA,0,NA,0,10,24,4,24,7.2,NA,3,"*",-1,"*",0,"I",NA,0,0,0,0,0,0,0.5,0.6,85.2
